0 0.1 3.73659
0.00943396 0.1 0
0.0188679 0.1 0
0.0283019 0.1 3.64772
0.0377358 0.1 0
0.0471698 0.1 2.44694
0.0566038 0.1 3.54106
0.0660377 0.1 0
0.0754717 0.1 0
0.0849057 0.1 0
0.0943396 0.1 0
0.103774 0.1 2.51414
0.113208 0.1 3.04995
0.122642 0.1 4.29839
0.132075 0.1 0
0.141509 0.1 0
0.150943 0.1 4.44678
0.160377 0.1 3.956
0.169811 0.1 3.28844
0.179245 0.1 0
0.188679 0.1 0
0.198113 0.1 3.52685
0.207547 0.1 2.04989
0.216981 0.1 3.50943
0.226415 0.1 0
0.235849 0.1 0
0.245283 0.1 4.93427
0.254717 0.1 2.86813
0.264151 0.1 0
0.273585 0.1 2.8577
0.283019 0.1 4.80119
0.292453 0.1 0
0.301887 0.1 4.37747
0.311321 0.1 4.13582
0.320755 0.1 2.45668
0.330189 0.1 2.64791
0.339623 0.1 3.65652
0.349057 0.1 2.92567
0.358491 0.1 3.2148
0.367925 0.1 3.0648
0.377358 0.1 4.27984
0.386792 0.1 2.7786
0.396226 0.1 4.67557
0.40566 0.1 1.65931
0.415094 0.1 3.42845
0.424528 0.1 1.31902
0.433962 0.1 3.50364
0.443396 0.1 3.19218
0.45283 0.1 3.40754
0.462264 0.1 3.06691
0.471698 0.1 0
0.481132 0.1 0
0.490566 0.1 0
0.5 0.1 3.07368
0.509434 0.1 0.713039
0.518868 0.1 3.66196
0.528302 0.1 3.77309
0.537736 0.1 2.16644
0.54717 0.1 2.3562
0.556604 0.1 3.88728
0.566038 0.1 2.13116
0.575472 0.1 1.91654
0.584906 0.1 4.97766
0.59434 0.1 3.06665
0.603774 0.1 3.79735
0.613208 0.1 2.08833
0.622642 0.1 3.20203
0.632075 0.1 0
0.641509 0.1 3.53482
0.650943 0.1 4.76629
0.660377 0.1 3.32434
0.669811 0.1 4.20476
0.679245 0.1 2.59814
0.688679 0.1 2.05208
0.698113 0.1 0
0.707547 0.1 0
0.716981 0.1 2.78115
0.726415 0.1 4.54641
0.735849 0.1 0.751678
0.745283 0.1 3.87398
0.754717 0.1 4.2606
0.764151 0.1 2.52344
0.773585 0.1 3.03128
0.783019 0.1 4.1264
0.792453 0.1 2.95062
0.801887 0.1 3.6254
0.811321 0.1 0
0.820755 0.1 3.69937
0.830189 0.1 3.15431
0.839623 0.1 0
0.849057 0.1 3.72588
0.858491 0.1 2.62711
0.867925 0.1 3.80782
0.877358 0.1 3.92067
0.886792 0.1 1.88976
0.896226 0.1 3.83456
0.90566 0.1 4.20945
0.915094 0.1 1.60692
0.924528 0.1 2.6266
0.933962 0.1 4.00288
0.943396 0.1 2.45339
0.95283 0.1 3.67476
0.962264 0.1 3.2087
0.971698 0.1 3.10885
0.981132 0.1 0
0.990566 0.1 4.22713
1 0.1 3.63377
0 0.2 3.69276
0.00943396 0.2 0
0.0188679 0.2 0
0.0283019 0.2 3.64772
0.0377358 0.2 0
0.0471698 0.2 2.44694
0.0566038 0.2 3.78338
0.0660377 0.2 0
0.0754717 0.2 0
0.0849057 0.2 0
0.0943396 0.2 0
0.103774 0.2 0
0.113208 0.2 3.22847
0.122642 0.2 4.29839
0.132075 0.2 0
0.141509 0.2 0
0.150943 0.2 0
0.160377 0.2 3.956
0.169811 0.2 3.28844
0.179245 0.2 0
0.188679 0.2 0
0.198113 0.2 0
0.207547 0.2 0
0.216981 0.2 3.50943
0.226415 0.2 0
0.235849 0.2 0
0.245283 0.2 4.93427
0.254717 0.2 2.69614
0.264151 0.2 0
0.273585 0.2 3.12821
0.283019 0.2 4.62876
0.292453 0.2 0
0.301887 0.2 4.37747
0.311321 0.2 4.24942
0.320755 0.2 2.45668
0.330189 0.2 2.64791
0.339623 0.2 3.65652
0.349057 0.2 2.92567
0.358491 0.2 3.2148
0.367925 0.2 2.79755
0.377358 0.2 3.67161
0.386792 0.2 1.79298
0.396226 0.2 4.67557
0.40566 0.2 1.65931
0.415094 0.2 3.42845
0.424528 0.2 1.31902
0.433962 0.2 3.50364
0.443396 0.2 2.16349
0.45283 0.2 2.79544
0.462264 0.2 1.90184
0.471698 0.2 0
0.481132 0.2 0
0.490566 0.2 0
0.5 0.2 3.05632
0.509434 0.2 0.713039
0.518868 0.2 3.66196
0.528302 0.2 3.77309
0.537736 0.2 2.16644
0.54717 0.2 2.3562
0.556604 0.2 4.07267
0.566038 0.2 2.13116
0.575472 0.2 1.91654
0.584906 0.2 4.97766
0.59434 0.2 3.06665
0.603774 0.2 3.79735
0.613208 0.2 0.748444
0.622642 0.2 3.20203
0.632075 0.2 0
0.641509 0.2 3.22636
0.650943 0.2 4.60138
0.660377 0.2 3.32434
0.669811 0.2 3.76303
0.679245 0.2 2.59814
0.688679 0.2 3.60048
0.698113 0.2 0
0.707547 0.2 0
0.716981 0.2 2.68961
0.726415 0.2 4.54641
0.735849 0.2 1.65898
0.745283 0.2 0
0.754717 0.2 4.30354
0.764151 0.2 2.52344
0.773585 0.2 2.76719
0.783019 0.2 4.1264
0.792453 0.2 3.23305
0.801887 0.2 3.96616
0.811321 0.2 0
0.820755 0.2 3.9221
0.830189 0.2 2.76888
0.839623 0.2 0
0.849057 0.2 4.20849
0.858491 0.2 3.14987
0.867925 0.2 4.53855
0.877358 0.2 4.70172
0.886792 0.2 1.88976
0.896226 0.2 3.54538
0.90566 0.2 3.98673
0.915094 0.2 1.60692
0.924528 0.2 3.36263
0.933962 0.2 4.51903
0.943396 0.2 2.88574
0.95283 0.2 3.27586
0.962264 0.2 0
0.971698 0.2 3.10885
0.981132 0.2 0
0.990566 0.2 4.22713
1 0.2 3.5596
0 0.3 3.39549
0.00943396 0.3 0
0.0188679 0.3 0
0.0283019 0.3 0
0.0377358 0.3 0
0.0471698 0.3 2.43621
0.0566038 0.3 3.78338
0.0660377 0.3 0
0.0754717 0.3 0
0.0849057 0.3 0
0.0943396 0.3 0
0.103774 0.3 0
0.113208 0.3 3.22847
0.122642 0.3 4.29839
0.132075 0.3 0
0.141509 0.3 0
0.150943 0.3 0
0.160377 0.3 0
0.169811 0.3 3.28844
0.179245 0.3 0
0.188679 0.3 0
0.198113 0.3 0
0.207547 0.3 0
0.216981 0.3 3.50943
0.226415 0.3 0
0.235849 0.3 0
0.245283 0.3 0
0.254717 0.3 2.84701
0.264151 0.3 0
0.273585 0.3 3.85051
0.283019 0.3 4.62876
0.292453 0.3 0
0.301887 0.3 4.37747
0.311321 0.3 4.24942
0.320755 0.3 2.45668
0.330189 0.3 2.42129
0.339623 0.3 4.06344
0.349057 0.3 3.03536
0.358491 0.3 3.19604
0.367925 0.3 2.79755
0.377358 0.3 3.25123
0.386792 0.3 1.79298
0.396226 0.3 4.67557
0.40566 0.3 1.65931
0.415094 0.3 3.42845
0.424528 0.3 1.31902
0.433962 0.3 3.50364
0.443396 0.3 2.16349
0.45283 0.3 2.18333
0.462264 0.3 1.90184
0.471698 0.3 0
0.481132 0.3 0
0.490566 0.3 0
0.5 0.3 3.05632
0.509434 0.3 0.713039
0.518868 0.3 3.66196
0.528302 0.3 3.77309
0.537736 0.3 0
0.54717 0.3 1.32353
0.556604 0.3 4.07267
0.566038 0.3 2.13116
0.575472 0.3 1.91654
0.584906 0.3 0
0.59434 0.3 3.06665
0.603774 0.3 3.79735
0.613208 0.3 0
0.622642 0.3 3.20203
0.632075 0.3 0
0.641509 0.3 3.22636
0.650943 0.3 4.60138
0.660377 0.3 3.32434
0.669811 0.3 0
0.679245 0.3 2.59814
0.688679 0.3 3.60048
0.698113 0.3 0
0.707547 0.3 0
0.716981 0.3 2.60552
0.726415 0.3 4.54641
0.735849 0.3 2.56628
0.745283 0.3 0
0.754717 0.3 4.90622
0.764151 0.3 0
0.773585 0.3 2.76719
0.783019 0.3 0
0.792453 0.3 3.23305
0.801887 0.3 0
0.811321 0.3 0
0.820755 0.3 3.51298
0.830189 0.3 0
0.839623 0.3 0
0.849057 0.3 4.20849
0.858491 0.3 1.625
0.867925 0.3 4.53855
0.877358 0.3 4.70172
0.886792 0.3 0
0.896226 0.3 3.54538
0.90566 0.3 3.98673
0.915094 0.3 1.60692
0.924528 0.3 3.69075
0.933962 0.3 0
0.943396 0.3 2.88574
0.95283 0.3 1.72077
0.962264 0.3 0
0.971698 0.3 0
0.981132 0.3 0
0.990566 0.3 4.22713
1 0.3 3.61877
0 0.4 3.26192
0.00943396 0.4 0
0.0188679 0.4 0
0.0283019 0.4 0
0.0377358 0.4 0
0.0471698 0.4 0
0.0566038 0.4 3.78338
0.0660377 0.4 0
0.0754717 0.4 0
0.0849057 0.4 0
0.0943396 0.4 0
0.103774 0.4 0
0.113208 0.4 3.22847
0.122642 0.4 4.29839
0.132075 0.4 0
0.141509 0.4 0
0.150943 0.4 0
0.160377 0.4 0
0.169811 0.4 3.28844
0.179245 0.4 0
0.188679 0.4 0
0.198113 0.4 0
0.207547 0.4 0
0.216981 0.4 3.80829
0.226415 0.4 0
0.235849 0.4 0
0.245283 0.4 0
0.254717 0.4 4.18224
0.264151 0.4 0
0.273585 0.4 3.85051
0.283019 0.4 4.62876
0.292453 0.4 0
0.301887 0.4 0
0.311321 0.4 4.9306
0.320755 0.4 2.45668
0.330189 0.4 0.672727
0.339623 0.4 4.06344
0.349057 0.4 3.43137
0.358491 0.4 3.19604
0.367925 0.4 2.79755
0.377358 0.4 3.25123
0.386792 0.4 1.79298
0.396226 0.4 4.77109
0.40566 0.4 0
0.415094 0.4 4.36287
0.424528 0.4 1.31902
0.433962 0.4 3.14921
0.443396 0.4 2.16349
0.45283 0.4 2.18333
0.462264 0.4 1.90184
0.471698 0.4 0
0.481132 0.4 0
0.490566 0.4 0
0.5 0.4 2.73154
0.509434 0.4 0.309765
0.518868 0.4 0
0.528302 0.4 3.77309
0.537736 0.4 0
0.54717 0.4 1.32353
0.556604 0.4 4.07267
0.566038 0.4 1.67574
0.575472 0.4 0
0.584906 0.4 0
0.59434 0.4 4.19694
0.603774 0.4 0
0.613208 0.4 0
0.622642 0.4 0
0.632075 0.4 0
0.641509 0.4 3.79365
0.650943 0.4 4.60138
0.660377 0.4 0
0.669811 0.4 0
0.679245 0.4 0
0.688679 0.4 3.60048
0.698113 0.4 0
0.707547 0.4 0
0.716981 0.4 0
0.726415 0.4 4.54641
0.735849 0.4 2.56628
0.745283 0.4 0
0.754717 0.4 0
0.764151 0.4 0
0.773585 0.4 0
0.783019 0.4 0
0.792453 0.4 4.86275
0.801887 0.4 0
0.811321 0.4 0
0.820755 0.4 4.72623
0.830189 0.4 0
0.839623 0.4 0
0.849057 0.4 3.43412
0.858491 0.4 0
0.867925 0.4 4.53855
0.877358 0.4 0
0.886792 0.4 0
0.896226 0.4 0
0.90566 0.4 3.98673
0.915094 0.4 0
0.924528 0.4 3.69075
0.933962 0.4 0
0.943396 0.4 2.88574
0.95283 0.4 1.72077
0.962264 0.4 0
0.971698 0.4 0
0.981132 0.4 0
0.990566 0.4 4.22713
1 0.4 3.56308
0 0.5 2.97393
0.00943396 0.5 0
0.0188679 0.5 0
0.0283019 0.5 0
0.0377358 0.5 0
0.0471698 0.5 0
0.0566038 0.5 3.31162
0.0660377 0.5 0
0.0754717 0.5 0
0.0849057 0.5 0
0.0943396 0.5 0
0.103774 0.5 0
0.113208 0.5 3.91153
0.122642 0.5 4.14849
0.132075 0.5 0
0.141509 0.5 0
0.150943 0.5 0
0.160377 0.5 0
0.169811 0.5 3.77136
0.179245 0.5 0
0.188679 0.5 0
0.198113 0.5 0
0.207547 0.5 0
0.216981 0.5 3.80935
0.226415 0.5 0
0.235849 0.5 0
0.245283 0.5 0
0.254717 0.5 4.18224
0.264151 0.5 0
0.273585 0.5 3.42282
0.283019 0.5 0
0.292453 0.5 0
0.301887 0.5 0
0.311321 0.5 0
0.320755 0.5 2.45668
0.330189 0.5 0.672727
0.339623 0.5 4.53992
0.349057 0.5 3.43137
0.358491 0.5 3.19604
0.367925 0.5 2.79755
0.377358 0.5 4.2575
0.386792 0.5 0
0.396226 0.5 4.77109
0.40566 0.5 0
0.415094 0.5 0
0.424528 0.5 1.31902
0.433962 0.5 0
0.443396 0.5 0
0.45283 0.5 0
0.462264 0.5 0
0.471698 0.5 0
0.481132 0.5 0
0.490566 0.5 0
0.5 0.5 0
0.509434 0.5 0.309765
0.518868 0.5 0
0.528302 0.5 3.22236
0.537736 0.5 0
0.54717 0.5 1.32353
0.556604 0.5 0
0.566038 0.5 1.67574
0.575472 0.5 0
0.584906 0.5 0
0.59434 0.5 0
0.603774 0.5 0
0.613208 0.5 0
0.622642 0.5 0
0.632075 0.5 0
0.641509 0.5 4.96262
0.650943 0.5 0
0.660377 0.5 0
0.669811 0.5 0
0.679245 0.5 0
0.688679 0.5 0
0.698113 0.5 0
0.707547 0.5 0
0.716981 0.5 0
0.726415 0.5 0
0.735849 0.5 0
0.745283 0.5 0
0.754717 0.5 0
0.764151 0.5 0
0.773585 0.5 0
0.783019 0.5 0
0.792453 0.5 0
0.801887 0.5 0
0.811321 0.5 0
0.820755 0.5 0
0.830189 0.5 0
0.839623 0.5 0
0.849057 0.5 0
0.858491 0.5 0
0.867925 0.5 4.53855
0.877358 0.5 0
0.886792 0.5 0
0.896226 0.5 0
0.90566 0.5 0
0.915094 0.5 0
0.924528 0.5 0
0.933962 0.5 0
0.943396 0.5 2.88574
0.95283 0.5 1.72077
0.962264 0.5 0
0.971698 0.5 0
0.981132 0.5 0
0.990566 0.5 0
1 0.5 3.49834
0 0.6 2.86306
0.00943396 0.6 0
0.0188679 0.6 0
0.0283019 0.6 0
0.0377358 0.6 0
0.0471698 0.6 0
0.0566038 0.6 3.6746
0.0660377 0.6 0
0.0754717 0.6 0
0.0849057 0.6 0
0.0943396 0.6 0
0.103774 0.6 0
0.113208 0.6 0
0.122642 0.6 0
0.132075 0.6 0
0.141509 0.6 0
0.150943 0.6 0
0.160377 0.6 0
0.169811 0.6 3.77136
0.179245 0.6 0
0.188679 0.6 0
0.198113 0.6 0
0.207547 0.6 0
0.216981 0.6 3.80935
0.226415 0.6 0
0.235849 0.6 0
0.245283 0.6 0
0.254717 0.6 0
0.264151 0.6 0
0.273585 0.6 3.42282
0.283019 0.6 0
0.292453 0.6 0
0.301887 0.6 0
0.311321 0.6 0
0.320755 0.6 2.45668
0.330189 0.6 0
0.339623 0.6 4.53992
0.349057 0.6 0
0.358491 0.6 3.19604
0.367925 0.6 2.5303
0.377358 0.6 4.08273
0.386792 0.6 0
0.396226 0.6 0
0.40566 0.6 0
0.415094 0.6 0
0.424528 0.6 0
0.433962 0.6 0
0.443396 0.6 0
0.45283 0.6 0
0.462264 0.6 0
0.471698 0.6 0
0.481132 0.6 0
0.490566 0.6 0
0.5 0.6 0
0.509434 0.6 0
0.518868 0.6 0
0.528302 0.6 0
0.537736 0.6 0
0.54717 0.6 0
0.556604 0.6 0
0.566038 0.6 0
0.575472 0.6 0
0.584906 0.6 0
0.59434 0.6 0
0.603774 0.6 0
0.613208 0.6 0
0.622642 0.6 0
0.632075 0.6 0
0.641509 0.6 0
0.650943 0.6 0
0.660377 0.6 0
0.669811 0.6 0
0.679245 0.6 0
0.688679 0.6 0
0.698113 0.6 0
0.707547 0.6 0
0.716981 0.6 0
0.726415 0.6 0
0.735849 0.6 0
0.745283 0.6 0
0.754717 0.6 0
0.764151 0.6 0
0.773585 0.6 0
0.783019 0.6 0
0.792453 0.6 0
0.801887 0.6 0
0.811321 0.6 0
0.820755 0.6 0
0.830189 0.6 0
0.839623 0.6 0
0.849057 0.6 0
0.858491 0.6 0
0.867925 0.6 0
0.877358 0.6 0
0.886792 0.6 0
0.896226 0.6 0
0.90566 0.6 0
0.915094 0.6 0
0.924528 0.6 0
0.933962 0.6 0
0.943396 0.6 2.88574
0.95283 0.6 0
0.962264 0.6 0
0.971698 0.6 0
0.981132 0.6 0
0.990566 0.6 0
1 0.6 3.63798
0 0.7 2.28786
0.00943396 0.7 0
0.0188679 0.7 0
0.0283019 0.7 0
0.0377358 0.7 0
0.0471698 0.7 0
0.0566038 0.7 3.6746
0.0660377 0.7 0
0.0754717 0.7 0
0.0849057 0.7 0
0.0943396 0.7 0
0.103774 0.7 0
0.113208 0.7 0
0.122642 0.7 0
0.132075 0.7 0
0.141509 0.7 0
0.150943 0.7 0
0.160377 0.7 0
0.169811 0.7 3.18793
0.179245 0.7 0
0.188679 0.7 0
0.198113 0.7 0
0.207547 0.7 0
0.216981 0.7 0
0.226415 0.7 0
0.235849 0.7 0
0.245283 0.7 0
0.254717 0.7 0
0.264151 0.7 0
0.273585 0.7 4.0644
0.283019 0.7 0
0.292453 0.7 0
0.301887 0.7 0
0.311321 0.7 0
0.320755 0.7 3.14025
0.330189 0.7 0
0.339623 0.7 0
0.349057 0.7 0
0.358491 0.7 3.90759
0.367925 0.7 0
0.377358 0.7 4.08273
0.386792 0.7 0
0.396226 0.7 0
0.40566 0.7 0
0.415094 0.7 0
0.424528 0.7 0
0.433962 0.7 0
0.443396 0.7 0
0.45283 0.7 0
0.462264 0.7 0
0.471698 0.7 0
0.481132 0.7 0
0.490566 0.7 0
0.5 0.7 0
0.509434 0.7 0
0.518868 0.7 0
0.528302 0.7 0
0.537736 0.7 0
0.54717 0.7 0
0.556604 0.7 0
0.566038 0.7 0
0.575472 0.7 0
0.584906 0.7 0
0.59434 0.7 0
0.603774 0.7 0
0.613208 0.7 0
0.622642 0.7 0
0.632075 0.7 0
0.641509 0.7 0
0.650943 0.7 0
0.660377 0.7 0
0.669811 0.7 0
0.679245 0.7 0
0.688679 0.7 0
0.698113 0.7 0
0.707547 0.7 0
0.716981 0.7 0
0.726415 0.7 0
0.735849 0.7 0
0.745283 0.7 0
0.754717 0.7 0
0.764151 0.7 0
0.773585 0.7 0
0.783019 0.7 0
0.792453 0.7 0
0.801887 0.7 0
0.811321 0.7 0
0.820755 0.7 0
0.830189 0.7 0
0.839623 0.7 0
0.849057 0.7 0
0.858491 0.7 0
0.867925 0.7 0
0.877358 0.7 0
0.886792 0.7 0
0.896226 0.7 0
0.90566 0.7 0
0.915094 0.7 0
0.924528 0.7 0
0.933962 0.7 0
0.943396 0.7 0
0.95283 0.7 0
0.962264 0.7 0
0.971698 0.7 0
0.981132 0.7 0
0.990566 0.7 0
1 0.7 3.78436
0 0.8 0
0.00943396 0.8 0
0.0188679 0.8 0
0.0283019 0.8 0
0.0377358 0.8 0
0.0471698 0.8 0
0.0566038 0.8 0
0.0660377 0.8 0
0.0754717 0.8 0
0.0849057 0.8 0
0.0943396 0.8 0
0.103774 0.8 0
0.113208 0.8 0
0.122642 0.8 0
0.132075 0.8 0
0.141509 0.8 0
0.150943 0.8 0
0.160377 0.8 0
0.169811 0.8 0
0.179245 0.8 0
0.188679 0.8 0
0.198113 0.8 0
0.207547 0.8 0
0.216981 0.8 0
0.226415 0.8 0
0.235849 0.8 0
0.245283 0.8 0
0.254717 0.8 0
0.264151 0.8 0
0.273585 0.8 0
0.283019 0.8 0
0.292453 0.8 0
0.301887 0.8 0
0.311321 0.8 0
0.320755 0.8 3.8407
0.330189 0.8 0
0.339623 0.8 0
0.349057 0.8 0
0.358491 0.8 3.90759
0.367925 0.8 0
0.377358 0.8 0
0.386792 0.8 0
0.396226 0.8 0
0.40566 0.8 0
0.415094 0.8 0
0.424528 0.8 0
0.433962 0.8 0
0.443396 0.8 0
0.45283 0.8 0
0.462264 0.8 0
0.471698 0.8 0
0.481132 0.8 0
0.490566 0.8 0
0.5 0.8 0
0.509434 0.8 0
0.518868 0.8 0
0.528302 0.8 0
0.537736 0.8 0
0.54717 0.8 0
0.556604 0.8 0
0.566038 0.8 0
0.575472 0.8 0
0.584906 0.8 0
0.59434 0.8 0
0.603774 0.8 0
0.613208 0.8 0
0.622642 0.8 0
0.632075 0.8 0
0.641509 0.8 0
0.650943 0.8 0
0.660377 0.8 0
0.669811 0.8 0
0.679245 0.8 0
0.688679 0.8 0
0.698113 0.8 0
0.707547 0.8 0
0.716981 0.8 0
0.726415 0.8 0
0.735849 0.8 0
0.745283 0.8 0
0.754717 0.8 0
0.764151 0.8 0
0.773585 0.8 0
0.783019 0.8 0
0.792453 0.8 0
0.801887 0.8 0
0.811321 0.8 0
0.820755 0.8 0
0.830189 0.8 0
0.839623 0.8 0
0.849057 0.8 0
0.858491 0.8 0
0.867925 0.8 0
0.877358 0.8 0
0.886792 0.8 0
0.896226 0.8 0
0.90566 0.8 0
0.915094 0.8 0
0.924528 0.8 0
0.933962 0.8 0
0.943396 0.8 0
0.95283 0.8 0
0.962264 0.8 0
0.971698 0.8 0
0.981132 0.8 0
0.990566 0.8 0
1 0.8 3.78436
0 0.9 0
0.00943396 0.9 0
0.0188679 0.9 0
0.0283019 0.9 0
0.0377358 0.9 0
0.0471698 0.9 0
0.0566038 0.9 0
0.0660377 0.9 0
0.0754717 0.9 0
0.0849057 0.9 0
0.0943396 0.9 0
0.103774 0.9 0
0.113208 0.9 0
0.122642 0.9 0
0.132075 0.9 0
0.141509 0.9 0
0.150943 0.9 0
0.160377 0.9 0
0.169811 0.9 0
0.179245 0.9 0
0.188679 0.9 0
0.198113 0.9 0
0.207547 0.9 0
0.216981 0.9 0
0.226415 0.9 0
0.235849 0.9 0
0.245283 0.9 0
0.254717 0.9 0
0.264151 0.9 0
0.273585 0.9 0
0.283019 0.9 0
0.292453 0.9 0
0.301887 0.9 0
0.311321 0.9 0
0.320755 0.9 3.8407
0.330189 0.9 0
0.339623 0.9 0
0.349057 0.9 0
0.358491 0.9 0
0.367925 0.9 0
0.377358 0.9 0
0.386792 0.9 0
0.396226 0.9 0
0.40566 0.9 0
0.415094 0.9 0
0.424528 0.9 0
0.433962 0.9 0
0.443396 0.9 0
0.45283 0.9 0
0.462264 0.9 0
0.471698 0.9 0
0.481132 0.9 0
0.490566 0.9 0
0.5 0.9 0
0.509434 0.9 0
0.518868 0.9 0
0.528302 0.9 0
0.537736 0.9 0
0.54717 0.9 0
0.556604 0.9 0
0.566038 0.9 0
0.575472 0.9 0
0.584906 0.9 0
0.59434 0.9 0
0.603774 0.9 0
0.613208 0.9 0
0.622642 0.9 0
0.632075 0.9 0
0.641509 0.9 0
0.650943 0.9 0
0.660377 0.9 0
0.669811 0.9 0
0.679245 0.9 0
0.688679 0.9 0
0.698113 0.9 0
0.707547 0.9 0
0.716981 0.9 0
0.726415 0.9 0
0.735849 0.9 0
0.745283 0.9 0
0.754717 0.9 0
0.764151 0.9 0
0.773585 0.9 0
0.783019 0.9 0
0.792453 0.9 0
0.801887 0.9 0
0.811321 0.9 0
0.820755 0.9 0
0.830189 0.9 0
0.839623 0.9 0
0.849057 0.9 0
0.858491 0.9 0
0.867925 0.9 0
0.877358 0.9 0
0.886792 0.9 0
0.896226 0.9 0
0.90566 0.9 0
0.915094 0.9 0
0.924528 0.9 0
0.933962 0.9 0
0.943396 0.9 0
0.95283 0.9 0
0.962264 0.9 0
0.971698 0.9 0
0.981132 0.9 0
0.990566 0.9 0
1 0.9 0

