0 0.1 3.58645
0.00833333 0.1 3.80054
0.0166667 0.1 3.93682
0.025 0.1 0
0.0333333 0.1 0
0.0416667 0.1 0
0.05 0.1 3.97513
0.0583333 0.1 3.44773
0.0666667 0.1 0
0.075 0.1 0
0.0833333 0.1 0
0.0916667 0.1 2.7935
0.1 0.1 4.43165
0.108333 0.1 0
0.116667 0.1 4.36571
0.125 0.1 3.15263
0.133333 0.1 0
0.141667 0.1 0
0.15 0.1 3.01296
0.158333 0.1 3.39864
0.166667 0.1 0
0.175 0.1 4.51247
0.183333 0.1 2.95494
0.191667 0.1 0
0.2 0.1 3.84601
0.208333 0.1 2.83821
0.216667 0.1 0
0.225 0.1 0
0.233333 0.1 2.91209
0.241667 0.1 0
0.25 0.1 0
0.258333 0.1 3.50421
0.266667 0.1 0
0.275 0.1 0
0.283333 0.1 2.94776
0.291667 0.1 0
0.3 0.1 0
0.308333 0.1 4.38568
0.316667 0.1 3.44312
0.325 0.1 0
0.333333 0.1 0
0.341667 0.1 3.31626
0.35 0.1 2.91568
0.358333 0.1 0
0.366667 0.1 0
0.375 0.1 3.50313
0.383333 0.1 2.63715
0.391667 0.1 0
0.4 0.1 0
0.408333 0.1 4.05843
0.416667 0.1 2.51295
0.425 0.1 0
0.433333 0.1 2.35125
0.441667 0.1 4.80597
0.45 0.1 3.28295
0.458333 0.1 3.26937
0.466667 0.1 0.344074
0.475 0.1 0
0.483333 0.1 3.03848
0.491667 0.1 1.28153
0.5 0.1 4.67951
0.508333 0.1 4.38623
0.516667 0.1 2.8044
0.525 0.1 0
0.533333 0.1 0
0.541667 0.1 0
0.55 0.1 3.6037
0.558333 0.1 0
0.566667 0.1 0
0.575 0.1 3.48952
0.583333 0.1 1.99322
0.591667 0.1 3.97865
0.6 0.1 2.93219
0.608333 0.1 3.10602
0.616667 0.1 4.78914
0.625 0.1 1.40853
0.633333 0.1 3.32743
0.641667 0.1 3.36624
0.65 0.1 3.5297
0.658333 0.1 3.10258
0.666667 0.1 3.82629
0.675 0.1 2.69941
0.683333 0.1 3.73327
0.691667 0.1 0
0.7 0.1 0
0.708333 0.1 4.13198
0.716667 0.1 2.68052
0.725 0.1 0
0.733333 0.1 0
0.741667 0.1 3.6659
0.75 0.1 2.68249
0.758333 0.1 0
0.766667 0.1 3.57444
0.775 0.1 2.91654
0.783333 0.1 0
0.791667 0.1 4.74705
0.8 0.1 3.00148
0.808333 0.1 0
0.816667 0.1 0
0.825 0.1 3.35427
0.833333 0.1 0
0.841667 0.1 0
0.85 0.1 3.1065
0.858333 0.1 3.73241
0.866667 0.1 0
0.875 0.1 3.53413
0.883333 0.1 2.46022
0.891667 0.1 0
0.9 0.1 4.58179
0.908333 0.1 2.74522
0.916667 0.1 0
0.925 0.1 0
0.933333 0.1 3.67573
0.941667 0.1 2.5235
0.95 0.1 0
0.958333 0.1 0
0.966667 0.1 0
0.975 0.1 3.2954
0.983333 0.1 0
0.991667 0.1 0
1 0.1 3.63581
0 0.2 3.78772
0.00833333 0.2 3.61293
0.0166667 0.2 3.93682
0.025 0.2 0
0.0333333 0.2 0
0.0416667 0.2 0
0.05 0.2 3.97513
0.0583333 0.2 3.44773
0.0666667 0.2 0
0.075 0.2 0
0.0833333 0.2 0
0.0916667 0.2 3.30493
0.1 0.2 4.43165
0.108333 0.2 0
0.116667 0.2 4.36571
0.125 0.2 3.24634
0.133333 0.2 0
0.141667 0.2 0
0.15 0.2 2.91515
0.158333 0.2 3.39864
0.166667 0.2 0
0.175 0.2 4.51247
0.183333 0.2 2.73729
0.191667 0.2 0
0.2 0.2 3.84601
0.208333 0.2 2.83821
0.216667 0.2 0
0.225 0.2 0
0.233333 0.2 2.91209
0.241667 0.2 0
0.25 0.2 0
0.258333 0.2 3.2942
0.266667 0.2 0
0.275 0.2 0
0.283333 0.2 2.69151
0.291667 0.2 0
0.3 0.2 0
0.308333 0.2 2.65423
0.316667 0.2 2.42636
0.325 0.2 0
0.333333 0.2 0
0.341667 0.2 3.31626
0.35 0.2 2.91568
0.358333 0.2 0
0.366667 0.2 0
0.375 0.2 3.50313
0.383333 0.2 2.63715
0.391667 0.2 0
0.4 0.2 0
0.408333 0.2 3.60043
0.416667 0.2 2.51295
0.425 0.2 0
0.433333 0.2 2.35125
0.441667 0.2 0
0.45 0.2 3.86606
0.458333 0.2 3.26937
0.466667 0.2 0.344074
0.475 0.2 0
0.483333 0.2 3.03848
0.491667 0.2 1.28153
0.5 0.2 4.67951
0.508333 0.2 0
0.516667 0.2 2.8044
0.525 0.2 0
0.533333 0.2 0
0.541667 0.2 0
0.55 0.2 3.10472
0.558333 0.2 0
0.566667 0.2 0
0.575 0.2 3.388
0.583333 0.2 1.99322
0.591667 0.2 3.97865
0.6 0.2 2.71487
0.608333 0.2 3.10602
0.616667 0.2 0
0.625 0.2 1.77626
0.633333 0.2 3.32743
0.641667 0.2 3.36624
0.65 0.2 0
0.658333 0.2 3.10258
0.666667 0.2 3.82629
0.675 0.2 2.55509
0.683333 0.2 0
0.691667 0.2 0
0.7 0.2 0
0.708333 0.2 3.43257
0.716667 0.2 1.99222
0.725 0.2 0
0.733333 0.2 0
0.741667 0.2 2.98882
0.75 0.2 2.68249
0.758333 0.2 0
0.766667 0.2 4.43988
0.775 0.2 2.91654
0.783333 0.2 0
0.791667 0.2 4.74705
0.8 0.2 2.76386
0.808333 0.2 0
0.816667 0.2 0
0.825 0.2 2.94823
0.833333 0.2 0
0.841667 0.2 0
0.85 0.2 2.75712
0.858333 0.2 0
0.866667 0.2 0
0.875 0.2 3.37367
0.883333 0.2 2.01621
0.891667 0.2 0
0.9 0.2 4.58179
0.908333 0.2 2.62077
0.916667 0.2 0
0.925 0.2 0
0.933333 0.2 3.14635
0.941667 0.2 2.78961
0.95 0.2 0
0.958333 0.2 0
0.966667 0.2 0
0.975 0.2 2.749
0.983333 0.2 0
0.991667 0.2 0
1 0.2 3.60383
0 0.3 3.86899
0.00833333 0.3 3.61293
0.0166667 0.3 3.93682
0.025 0.3 0
0.0333333 0.3 0
0.0416667 0.3 0
0.05 0.3 3.97513
0.0583333 0.3 3.44773
0.0666667 0.3 0
0.075 0.3 0
0.0833333 0.3 0
0.0916667 0.3 3.17383
0.1 0.3 4.43165
0.108333 0.3 0
0.116667 0.3 4.36571
0.125 0.3 3.44692
0.133333 0.3 0
0.141667 0.3 0
0.15 0.3 3.19043
0.158333 0.3 3.39864
0.166667 0.3 0
0.175 0.3 3.90366
0.183333 0.3 2.625
0.191667 0.3 0
0.2 0.3 3.84601
0.208333 0.3 2.77449
0.216667 0.3 0
0.225 0.3 0
0.233333 0.3 2.86297
0.241667 0.3 0
0.25 0.3 0
0.258333 0.3 2.64138
0.266667 0.3 0
0.275 0.3 0
0.283333 0.3 2.69151
0.291667 0.3 0
0.3 0.3 0
0.308333 0.3 2.65423
0.316667 0.3 2.42636
0.325 0.3 0
0.333333 0.3 0
0.341667 0.3 2.52274
0.35 0.3 0
0.358333 0.3 0
0.366667 0.3 0
0.375 0.3 3.50313
0.383333 0.3 2.2223
0.391667 0.3 0
0.4 0.3 0
0.408333 0.3 0
0.416667 0.3 2.20906
0.425 0.3 0
0.433333 0.3 2.35125
0.441667 0.3 0
0.45 0.3 0
0.458333 0.3 3.26937
0.466667 0.3 0.344074
0.475 0.3 0
0.483333 0.3 3.03848
0.491667 0.3 1.28153
0.5 0.3 0
0.508333 0.3 1.91799
0.516667 0.3 0
0.525 0.3 0
0.533333 0.3 0
0.541667 0.3 0
0.55 0.3 2.91731
0.558333 0.3 0
0.566667 0.3 0
0.575 0.3 3.388
0.583333 0.3 1.99322
0.591667 0.3 3.97865
0.6 0.3 1.36018
0.608333 0.3 2.04806
0.616667 0.3 0
0.625 0.3 1.40853
0.633333 0.3 4.12952
0.641667 0.3 3.36624
0.65 0.3 0.705862
0.658333 0.3 2.34857
0.666667 0.3 3.82629
0.675 0.3 2.55509
0.683333 0.3 0
0.691667 0.3 0
0.7 0.3 0
0.708333 0.3 3.32724
0.716667 0.3 1.99222
0.725 0.3 0
0.733333 0.3 0
0.741667 0.3 2.90247
0.75 0.3 0
0.758333 0.3 0
0.766667 0.3 0
0.775 0.3 2.91654
0.783333 0.3 0
0.791667 0.3 0
0.8 0.3 2.65082
0.808333 0.3 0
0.816667 0.3 0
0.825 0.3 2.18313
0.833333 0.3 0
0.841667 0.3 0
0.85 0.3 2.79228
0.858333 0.3 0
0.866667 0.3 0
0.875 0.3 3.37367
0.883333 0.3 0
0.891667 0.3 0
0.9 0.3 4.58179
0.908333 0.3 2.45924
0.916667 0.3 0
0.925 0.3 0
0.933333 0.3 3.14635
0.941667 0.3 2.78961
0.95 0.3 0
0.958333 0.3 0
0.966667 0.3 0
0.975 0.3 3.33247
0.983333 0.3 0
0.991667 0.3 0
1 0.3 3.57376
0 0.4 3.81081
0.00833333 0.4 4.29067
0.0166667 0.4 3.93682
0.025 0.4 0
0.0333333 0.4 0
0.0416667 0.4 0
0.05 0.4 3.97513
0.0583333 0.4 3.5059
0.0666667 0.4 0
0.075 0.4 0
0.0833333 0.4 0
0.0916667 0.4 3.59121
0.1 0.4 4.43165
0.108333 0.4 0
0.116667 0.4 4.36571
0.125 0.4 3.44692
0.133333 0.4 0
0.141667 0.4 0
0.15 0.4 3.48309
0.158333 0.4 3.39864
0.166667 0.4 0
0.175 0.4 3.90366
0.183333 0.4 3.48688
0.191667 0.4 0
0.2 0.4 3.84601
0.208333 0.4 2.74569
0.216667 0.4 0
0.225 0.4 0
0.233333 0.4 2.48478
0.241667 0.4 0
0.25 0.4 0
0.258333 0.4 2.64138
0.266667 0.4 0
0.275 0.4 0
0.283333 0.4 2.54978
0.291667 0.4 0
0.3 0.4 0
0.308333 0.4 2.65423
0.316667 0.4 2.42636
0.325 0.4 0
0.333333 0.4 0
0.341667 0.4 1.58898
0.35 0.4 0
0.358333 0.4 0
0.366667 0.4 0
0.375 0.4 3.50313
0.383333 0.4 1.85509
0.391667 0.4 0
0.4 0.4 0
0.408333 0.4 0
0.416667 0.4 1.84805
0.425 0.4 0
0.433333 0.4 3.09627
0.441667 0.4 0
0.45 0.4 0
0.458333 0.4 3.26937
0.466667 0.4 0.344074
0.475 0.4 0
0.483333 0.4 3.20882
0.491667 0.4 1.28153
0.5 0.4 0
0.508333 0.4 1.91799
0.516667 0.4 0
0.525 0.4 0
0.533333 0.4 0
0.541667 0.4 0
0.55 0.4 2.85136
0.558333 0.4 0
0.566667 0.4 0
0.575 0.4 3.388
0.583333 0.4 1.15969
0.591667 0.4 3.97865
0.6 0.4 1.36018
0.608333 0.4 2.04806
0.616667 0.4 0
0.625 0.4 1.40853
0.633333 0.4 0
0.641667 0.4 3.36624
0.65 0.4 0.705862
0.658333 0.4 2.19862
0.666667 0.4 3.82629
0.675 0.4 1.77766
0.683333 0.4 0
0.691667 0.4 0
0.7 0.4 0
0.708333 0.4 3.32724
0.716667 0.4 1.99222
0.725 0.4 0
0.733333 0.4 0
0.741667 0.4 2.8048
0.75 0.4 0
0.758333 0.4 0
0.766667 0.4 0
0.775 0.4 2.63077
0.783333 0.4 0
0.791667 0.4 0
0.8 0.4 2.85423
0.808333 0.4 0
0.816667 0.4 0
0.825 0.4 1.72497
0.833333 0.4 0
0.841667 0.4 0
0.85 0.4 2.71696
0.858333 0.4 0
0.866667 0.4 0
0.875 0.4 4.45018
0.883333 0.4 0
0.891667 0.4 0
0.9 0.4 4.58179
0.908333 0.4 2.12296
0.916667 0.4 0
0.925 0.4 0
0.933333 0.4 3.14635
0.941667 0.4 2.78961
0.95 0.4 0
0.958333 0.4 0
0.966667 0.4 0
0.975 0.4 3.33247
0.983333 0.4 0
0.991667 0.4 0
1 0.4 3.68957
0 0.5 3.98624
0.00833333 0.5 4.29067
0.0166667 0.5 3.93682
0.025 0.5 0
0.0333333 0.5 0
0.0416667 0.5 0
0.05 0.5 3.2146
0.0583333 0.5 3.61082
0.0666667 0.5 0
0.075 0.5 0
0.0833333 0.5 0
0.0916667 0.5 3.99654
0.1 0.5 4.43165
0.108333 0.5 0
0.116667 0.5 4.36571
0.125 0.5 3.44692
0.133333 0.5 0
0.141667 0.5 0
0.15 0.5 3.48309
0.158333 0.5 3.39864
0.166667 0.5 0
0.175 0.5 4.0552
0.183333 0.5 3.48688
0.191667 0.5 0
0.2 0.5 3.84324
0.208333 0.5 3.16642
0.216667 0.5 0
0.225 0.5 0
0.233333 0.5 3.18746
0.241667 0.5 0
0.25 0.5 0
0.258333 0.5 2.18496
0.266667 0.5 0
0.275 0.5 0
0.283333 0.5 1.99918
0.291667 0.5 0
0.3 0.5 0
0.308333 0.5 0
0.316667 0.5 2.42636
0.325 0.5 0
0.333333 0.5 0
0.341667 0.5 1.58898
0.35 0.5 0
0.358333 0.5 0
0.366667 0.5 0
0.375 0.5 3.17236
0.383333 0.5 3.24517
0.391667 0.5 0
0.4 0.5 0
0.408333 0.5 0
0.416667 0.5 1.51957
0.425 0.5 0
0.433333 0.5 0
0.441667 0.5 0
0.45 0.5 0
0.458333 0.5 0
0.466667 0.5 0
0.475 0.5 0
0.483333 0.5 0
0.491667 0.5 0
0.5 0.5 0
0.508333 0.5 0
0.516667 0.5 0
0.525 0.5 0
0.533333 0.5 0
0.541667 0.5 0
0.55 0.5 0
0.558333 0.5 0
0.566667 0.5 0
0.575 0.5 3.388
0.583333 0.5 1.15969
0.591667 0.5 3.97865
0.6 0.5 0
0.608333 0.5 2.04806
0.616667 0.5 0
0.625 0.5 0
0.633333 0.5 0
0.641667 0.5 3.36624
0.65 0.5 0.705862
0.658333 0.5 0
0.666667 0.5 3.82629
0.675 0.5 1.77766
0.683333 0.5 0
0.691667 0.5 0
0.7 0.5 0
0.708333 0.5 2.89138
0.716667 0.5 2.02501
0.725 0.5 0
0.733333 0.5 0
0.741667 0.5 2.56454
0.75 0.5 0
0.758333 0.5 0
0.766667 0.5 0
0.775 0.5 2.77623
0.783333 0.5 0
0.791667 0.5 0
0.8 0.5 2.47302
0.808333 0.5 0
0.816667 0.5 0
0.825 0.5 1.72497
0.833333 0.5 0
0.841667 0.5 0
0.85 0.5 3.85972
0.858333 0.5 0
0.866667 0.5 0
0.875 0.5 0
0.883333 0.5 0
0.891667 0.5 0
0.9 0.5 4.58179
0.908333 0.5 2.12296
0.916667 0.5 0
0.925 0.5 0
0.933333 0.5 3.14635
0.941667 0.5 1.20728
0.95 0.5 0
0.958333 0.5 0
0.966667 0.5 0
0.975 0.5 2.81697
0.983333 0.5 0
0.991667 0.5 0
1 0.5 4.05441
0 0.6 4.02933
0.00833333 0.6 3.95026
0.0166667 0.6 0
0.025 0.6 0
0.0333333 0.6 0
0.0416667 0.6 0
0.05 0.6 0
0.0583333 0.6 4.39056
0.0666667 0.6 0
0.075 0.6 0
0.0833333 0.6 0
0.0916667 0.6 3.10756
0.1 0.6 0
0.108333 0.6 0
0.116667 0.6 0
0.125 0.6 3.30429
0.133333 0.6 0
0.141667 0.6 0
0.15 0.6 3.95083
0.158333 0.6 0
0.166667 0.6 0
0.175 0.6 0
0.183333 0.6 3.48688
0.191667 0.6 0
0.2 0.6 0
0.208333 0.6 3.16642
0.216667 0.6 0
0.225 0.6 0
0.233333 0.6 3.79245
0.241667 0.6 0
0.25 0.6 0
0.258333 0.6 0
0.266667 0.6 0
0.275 0.6 0
0.283333 0.6 1.99918
0.291667 0.6 0
0.3 0.6 0
0.308333 0.6 0
0.316667 0.6 0.824979
0.325 0.6 0
0.333333 0.6 0
0.341667 0.6 1.58898
0.35 0.6 0
0.358333 0.6 0
0.366667 0.6 0
0.375 0.6 0
0.383333 0.6 0
0.391667 0.6 0
0.4 0.6 0
0.408333 0.6 0
0.416667 0.6 0
0.425 0.6 0
0.433333 0.6 0
0.441667 0.6 0
0.45 0.6 0
0.458333 0.6 0
0.466667 0.6 0
0.475 0.6 0
0.483333 0.6 0
0.491667 0.6 0
0.5 0.6 0
0.508333 0.6 0
0.516667 0.6 0
0.525 0.6 0
0.533333 0.6 0
0.541667 0.6 0
0.55 0.6 0
0.558333 0.6 0
0.566667 0.6 0
0.575 0.6 0
0.583333 0.6 0
0.591667 0.6 0
0.6 0.6 0
0.608333 0.6 2.04806
0.616667 0.6 0
0.625 0.6 0
0.633333 0.6 0
0.641667 0.6 3.36624
0.65 0.6 0.705862
0.658333 0.6 0
0.666667 0.6 3.82629
0.675 0.6 1.35826
0.683333 0.6 0
0.691667 0.6 0
0.7 0.6 0
0.708333 0.6 2.49701
0.716667 0.6 0
0.725 0.6 0
0.733333 0.6 0
0.741667 0.6 2.56454
0.75 0.6 0
0.758333 0.6 0
0.766667 0.6 0
0.775 0.6 0
0.783333 0.6 0
0.791667 0.6 0
0.8 0.6 0
0.808333 0.6 0
0.816667 0.6 0
0.825 0.6 2.93796
0.833333 0.6 0
0.841667 0.6 0
0.85 0.6 0
0.858333 0.6 0
0.866667 0.6 0
0.875 0.6 0
0.883333 0.6 0
0.891667 0.6 0
0.9 0.6 4.58179
0.908333 0.6 2.12296
0.916667 0.6 0
0.925 0.6 0
0.933333 0.6 0
0.941667 0.6 0
0.95 0.6 0
0.958333 0.6 0
0.966667 0.6 0
0.975 0.6 2.55862
0.983333 0.6 0
0.991667 0.6 0
1 0.6 4.01992
0 0.7 3.87049
0.00833333 0.7 3.81834
0.0166667 0.7 0
0.025 0.7 0
0.0333333 0.7 0
0.0416667 0.7 0
0.05 0.7 0
0.0583333 0.7 4.27155
0.0666667 0.7 0
0.075 0.7 0
0.0833333 0.7 0
0.0916667 0.7 3.10756
0.1 0.7 0
0.108333 0.7 0
0.116667 0.7 0
0.125 0.7 4.34079
0.133333 0.7 0
0.141667 0.7 0
0.15 0.7 3.95083
0.158333 0.7 0
0.166667 0.7 0
0.175 0.7 0
0.183333 0.7 2.48772
0.191667 0.7 0
0.2 0.7 0
0.208333 0.7 3.80659
0.216667 0.7 0
0.225 0.7 0
0.233333 0.7 0
0.241667 0.7 0
0.25 0.7 0
0.258333 0.7 0
0.266667 0.7 0
0.275 0.7 0
0.283333 0.7 1.26865
0.291667 0.7 0
0.3 0.7 0
0.308333 0.7 0
0.316667 0.7 0
0.325 0.7 0
0.333333 0.7 0
0.341667 0.7 0
0.35 0.7 0
0.358333 0.7 0
0.366667 0.7 0
0.375 0.7 0
0.383333 0.7 0
0.391667 0.7 0
0.4 0.7 0
0.408333 0.7 0
0.416667 0.7 0
0.425 0.7 0
0.433333 0.7 0
0.441667 0.7 0
0.45 0.7 0
0.458333 0.7 0
0.466667 0.7 0
0.475 0.7 0
0.483333 0.7 0
0.491667 0.7 0
0.5 0.7 0
0.508333 0.7 0
0.516667 0.7 0
0.525 0.7 0
0.533333 0.7 0
0.541667 0.7 0
0.55 0.7 0
0.558333 0.7 0
0.566667 0.7 0
0.575 0.7 0
0.583333 0.7 0
0.591667 0.7 0
0.6 0.7 0
0.608333 0.7 0
0.616667 0.7 0
0.625 0.7 0
0.633333 0.7 0
0.641667 0.7 3.86
0.65 0.7 0.705862
0.658333 0.7 0
0.666667 0.7 0
0.675 0.7 0
0.683333 0.7 0
0.691667 0.7 0
0.7 0.7 0
0.708333 0.7 2.49701
0.716667 0.7 0
0.725 0.7 0
0.733333 0.7 0
0.741667 0.7 4.00803
0.75 0.7 0
0.758333 0.7 0
0.766667 0.7 0
0.775 0.7 0
0.783333 0.7 0
0.791667 0.7 0
0.8 0.7 0
0.808333 0.7 0
0.816667 0.7 0
0.825 0.7 0
0.833333 0.7 0
0.841667 0.7 0
0.85 0.7 0
0.858333 0.7 0
0.866667 0.7 0
0.875 0.7 0
0.883333 0.7 0
0.891667 0.7 0
0.9 0.7 0
0.908333 0.7 0
0.916667 0.7 0
0.925 0.7 0
0.933333 0.7 0
0.941667 0.7 0
0.95 0.7 0
0.958333 0.7 0
0.966667 0.7 0
0.975 0.7 0
0.983333 0.7 0
0.991667 0.7 0
1 0.7 3.95433
0 0.8 4.0303
0.00833333 0.8 3.81834
0.0166667 0.8 0
0.025 0.8 0
0.0333333 0.8 0
0.0416667 0.8 0
0.05 0.8 0
0.0583333 0.8 0
0.0666667 0.8 0
0.075 0.8 0
0.0833333 0.8 0
0.0916667 0.8 3.10756
0.1 0.8 0
0.108333 0.8 0
0.116667 0.8 0
0.125 0.8 4.34079
0.133333 0.8 0
0.141667 0.8 0
0.15 0.8 0
0.158333 0.8 0
0.166667 0.8 0
0.175 0.8 0
0.183333 0.8 0
0.191667 0.8 0
0.2 0.8 0
0.208333 0.8 0
0.216667 0.8 0
0.225 0.8 0
0.233333 0.8 0
0.241667 0.8 0
0.25 0.8 0
0.258333 0.8 0
0.266667 0.8 0
0.275 0.8 0
0.283333 0.8 0
0.291667 0.8 0
0.3 0.8 0
0.308333 0.8 0
0.316667 0.8 0
0.325 0.8 0
0.333333 0.8 0
0.341667 0.8 0
0.35 0.8 0
0.358333 0.8 0
0.366667 0.8 0
0.375 0.8 0
0.383333 0.8 0
0.391667 0.8 0
0.4 0.8 0
0.408333 0.8 0
0.416667 0.8 0
0.425 0.8 0
0.433333 0.8 0
0.441667 0.8 0
0.45 0.8 0
0.458333 0.8 0
0.466667 0.8 0
0.475 0.8 0
0.483333 0.8 0
0.491667 0.8 0
0.5 0.8 0
0.508333 0.8 0
0.516667 0.8 0
0.525 0.8 0
0.533333 0.8 0
0.541667 0.8 0
0.55 0.8 0
0.558333 0.8 0
0.566667 0.8 0
0.575 0.8 0
0.583333 0.8 0
0.591667 0.8 0
0.6 0.8 0
0.608333 0.8 0
0.616667 0.8 0
0.625 0.8 0
0.633333 0.8 0
0.641667 0.8 0
0.65 0.8 0
0.658333 0.8 0
0.666667 0.8 0
0.675 0.8 0
0.683333 0.8 0
0.691667 0.8 0
0.7 0.8 0
0.708333 0.8 0
0.716667 0.8 0
0.725 0.8 0
0.733333 0.8 0
0.741667 0.8 0
0.75 0.8 0
0.758333 0.8 0
0.766667 0.8 0
0.775 0.8 0
0.783333 0.8 0
0.791667 0.8 0
0.8 0.8 0
0.808333 0.8 0
0.816667 0.8 0
0.825 0.8 0
0.833333 0.8 0
0.841667 0.8 0
0.85 0.8 0
0.858333 0.8 0
0.866667 0.8 0
0.875 0.8 0
0.883333 0.8 0
0.891667 0.8 0
0.9 0.8 0
0.908333 0.8 0
0.916667 0.8 0
0.925 0.8 0
0.933333 0.8 0
0.941667 0.8 0
0.95 0.8 0
0.958333 0.8 0
0.966667 0.8 0
0.975 0.8 0
0.983333 0.8 0
0.991667 0.8 0
1 0.8 0
0 0.9 4.0992
0.00833333 0.9 3.81834
0.0166667 0.9 0
0.025 0.9 0
0.0333333 0.9 0
0.0416667 0.9 0
0.05 0.9 0
0.0583333 0.9 0
0.0666667 0.9 0
0.075 0.9 0
0.0833333 0.9 0
0.0916667 0.9 0
0.1 0.9 0
0.108333 0.9 0
0.116667 0.9 0
0.125 0.9 4.34079
0.133333 0.9 0
0.141667 0.9 0
0.15 0.9 0
0.158333 0.9 0
0.166667 0.9 0
0.175 0.9 0
0.183333 0.9 0
0.191667 0.9 0
0.2 0.9 0
0.208333 0.9 0
0.216667 0.9 0
0.225 0.9 0
0.233333 0.9 0
0.241667 0.9 0
0.25 0.9 0
0.258333 0.9 0
0.266667 0.9 0
0.275 0.9 0
0.283333 0.9 0
0.291667 0.9 0
0.3 0.9 0
0.308333 0.9 0
0.316667 0.9 0
0.325 0.9 0
0.333333 0.9 0
0.341667 0.9 0
0.35 0.9 0
0.358333 0.9 0
0.366667 0.9 0
0.375 0.9 0
0.383333 0.9 0
0.391667 0.9 0
0.4 0.9 0
0.408333 0.9 0
0.416667 0.9 0
0.425 0.9 0
0.433333 0.9 0
0.441667 0.9 0
0.45 0.9 0
0.458333 0.9 0
0.466667 0.9 0
0.475 0.9 0
0.483333 0.9 0
0.491667 0.9 0
0.5 0.9 0
0.508333 0.9 0
0.516667 0.9 0
0.525 0.9 0
0.533333 0.9 0
0.541667 0.9 0
0.55 0.9 0
0.558333 0.9 0
0.566667 0.9 0
0.575 0.9 0
0.583333 0.9 0
0.591667 0.9 0
0.6 0.9 0
0.608333 0.9 0
0.616667 0.9 0
0.625 0.9 0
0.633333 0.9 0
0.641667 0.9 0
0.65 0.9 0
0.658333 0.9 0
0.666667 0.9 0
0.675 0.9 0
0.683333 0.9 0
0.691667 0.9 0
0.7 0.9 0
0.708333 0.9 0
0.716667 0.9 0
0.725 0.9 0
0.733333 0.9 0
0.741667 0.9 0
0.75 0.9 0
0.758333 0.9 0
0.766667 0.9 0
0.775 0.9 0
0.783333 0.9 0
0.791667 0.9 0
0.8 0.9 0
0.808333 0.9 0
0.816667 0.9 0
0.825 0.9 0
0.833333 0.9 0
0.841667 0.9 0
0.85 0.9 0
0.858333 0.9 0
0.866667 0.9 0
0.875 0.9 0
0.883333 0.9 0
0.891667 0.9 0
0.9 0.9 0
0.908333 0.9 0
0.916667 0.9 0
0.925 0.9 0
0.933333 0.9 0
0.941667 0.9 0
0.95 0.9 0
0.958333 0.9 0
0.966667 0.9 0
0.975 0.9 0
0.983333 0.9 0
0.991667 0.9 0
1 0.9 0

