0 0.75 2.78506
0.125 0.75 2.39575
0.25 0.75 2.66328
0.375 0.75 2.2993
0.5 0.75 2.12463
0.625 0.75 3.44342
0.75 0.75 2.1998
0.875 0.75 2.75667
1 0.75 1.70291
0 0.775 2.37963
0.125 0.775 2.39575
0.25 0.775 2.65822
0.375 0.775 2.33372
0.5 0.775 2.11003
0.625 0.775 3.27444
0.75 0.775 2.08635
0.875 0.775 2.3045
1 0.775 1.60237
0 0.8 2.35513
0.125 0.8 2.39575
0.25 0.8 2.65822
0.375 0.8 1.97884
0.5 0.8 2.00274
0.625 0.8 3.21714
0.75 0.8 2.10236
0.875 0.8 2.30922
1 0.8 1.59156
0 0.825 2.3604
0.125 0.825 2.35355
0.25 0.825 2.67691
0.375 0.825 1.97884
0.5 0.825 1.94606
0.625 0.825 3.21714
0.75 0.825 2.06104
0.875 0.825 2.30922
1 0.825 1.59156
0 0.85 2.06398
0.125 0.85 2.35125
0.25 0.85 2.43367
0.375 0.85 2.04367
0.5 0.85 1.55792
0.625 0.85 2.79836
0.75 0.85 2.04243
0.875 0.85 2.3159
1 0.85 1.58387
0 0.875 2.06398
0.125 0.875 2.35125
0.25 0.875 2.41547
0.375 0.875 1.89906
0.5 0.875 1.16746
0.625 0.875 2.75175
0.75 0.875 2.04243
0.875 0.875 2.26724
1 0.875 1.58387
0 0.9 2.06398
0.125 0.9 2.39274
0.25 0.9 2.41547
0.375 0.9 1.89906
0.5 0.9 1.21069
0.625 0.9 2.24602
0.75 0.9 1.92559
0.875 0.9 2.36703
1 0.9 1.1728
0 0.925 1.95173
0.125 0.925 2.39274
0.25 0.925 1.9339
0.375 0.925 1.89656
0.5 0.925 1.20989
0.625 0.925 2.24602
0.75 0.925 1.79755
0.875 0.925 2.01817
1 0.925 1.051
0 0.95 1.93039
0.125 0.95 2.09828
0.25 0.95 1.97273
0.375 0.95 1.28913
0.5 0.95 1.10674
0.625 0.95 1.72437
0.75 0.95 1.70672
0.875 0.95 2.01817
1 0.95 1.051
0 0.975 1.6757
0.125 0.975 2.12275
0.25 0.975 1.67729
0.375 0.975 1.19848
0.5 0.975 0.809549
0.625 0.975 1.72437
0.75 0.975 1.15978
0.875 0.975 2.01817
1 0.975 1.051
0 1 1.64801
0.125 1 2.12275
0.25 1 1.19196
0.375 1 1.02014
0.5 1 0.752934
0.625 1 1.16559
0.75 1 1.15978
0.875 1 1.94761
1 1 1.051

