0 0.2 4.17345
0.00502513 0.2 3.78897
0.0100503 0.2 4.8626
0.0150754 0.2 4.44651
0.0201005 0.2 3.72732
0.0251256 0.2 3.90832
0.0301508 0.2 0
0.0351759 0.2 3.35084
0.040201 0.2 0
0.0452261 0.2 3.31528
0.0502513 0.2 3.94049
0.0552764 0.2 0
0.0603015 0.2 4.0959
0.0653266 0.2 3.39113
0.0703518 0.2 3.8061
0.0753769 0.2 4.529
0.080402 0.2 3.90101
0.0854271 0.2 3.97498
0.0904523 0.2 4.45791
0.0954774 0.2 3.86268
0.100503 0.2 4.48137
0.105528 0.2 4.30625
0.110553 0.2 3.26825
0.115578 0.2 4.44222
0.120603 0.2 3.95219
0.125628 0.2 4.2625
0.130653 0.2 3.79238
0.135678 0.2 3.24977
0.140704 0.2 3.44837
0.145729 0.2 4.36586
0.150754 0.2 4.18387
0.155779 0.2 4.27202
0.160804 0.2 4.29194
0.165829 0.2 0
0.170854 0.2 4.0135
0.175879 0.2 3.95141
0.180905 0.2 4.3201
0.18593 0.2 4.79256
0.190955 0.2 4.0561
0.19598 0.2 4.16048
0.201005 0.2 4.37594
0.20603 0.2 3.24741
0.211055 0.2 3.88099
0.21608 0.2 4.05476
0.221106 0.2 3.57505
0.226131 0.2 4.29963
0.231156 0.2 3.07791
0.236181 0.2 4.8039
0.241206 0.2 4.21362
0.246231 0.2 3.13158
0.251256 0.2 4.40202
0.256281 0.2 4.32178
0.261307 0.2 4.00222
0.266332 0.2 4.5591
0.271357 0.2 4.4526
0.276382 0.2 0
0.281407 0.2 4.69978
0.286432 0.2 3.74452
0.291457 0.2 0
0.296482 0.2 0
0.301508 0.2 3.90104
0.306533 0.2 0
0.311558 0.2 4.49587
0.316583 0.2 3.87769
0.321608 0.2 2.79272
0.326633 0.2 4.40413
0.331658 0.2 3.97942
0.336683 0.2 4.29094
0.341709 0.2 3.89695
0.346734 0.2 4.57616
0.351759 0.2 3.88136
0.356784 0.2 4.78144
0.361809 0.2 4.34562
0.366834 0.2 3.27929
0.371859 0.2 4.07185
0.376884 0.2 4.91666
0.38191 0.2 3.79903
0.386935 0.2 3.56936
0.39196 0.2 3.57721
0.396985 0.2 4.0898
0.40201 0.2 4.44354
0.407035 0.2 4.08786
0.41206 0.2 0
0.417085 0.2 4.3699
0.422111 0.2 3.94056
0.427136 0.2 3.82586
0.432161 0.2 4.45104
0.437186 0.2 4.34224
0.442211 0.2 3.75685
0.447236 0.2 3.89119
0.452261 0.2 3.76249
0.457286 0.2 4.15775
0.462312 0.2 4.87245
0.467337 0.2 0
0.472362 0.2 3.85872
0.477387 0.2 4.33145
0.482412 0.2 3.8125
0.487437 0.2 4.17241
0.492462 0.2 0
0.497487 0.2 3.82042
0.502513 0.2 4.2774
0.507538 0.2 4.13721
0.512563 0.2 3.3967
0.517588 0.2 4.2476
0.522613 0.2 4.31305
0.527638 0.2 4.27321
0.532663 0.2 4.01126
0.537688 0.2 3.27584
0.542714 0.2 3.99817
0.547739 0.2 4.46783
0.552764 0.2 3.28254
0.557789 0.2 4.37531
0.562814 0.2 4.48384
0.567839 0.2 4.19182
0.572864 0.2 4.70738
0.577889 0.2 3.65026
0.582915 0.2 4.07181
0.58794 0.2 4.77166
0.592965 0.2 3.58494
0.59799 0.2 3.3603
0.603015 0.2 3.75472
0.60804 0.2 4.15315
0.613065 0.2 0
0.61809 0.2 3.80385
0.623116 0.2 4.7904
0.628141 0.2 3.5814
0.633166 0.2 3.65535
0.638191 0.2 3.59369
0.643216 0.2 4.31313
0.648241 0.2 4.00366
0.653266 0.2 4.48026
0.658291 0.2 4.08366
0.663317 0.2 3.16977
0.668342 0.2 4.17955
0.673367 0.2 4.32957
0.678392 0.2 3.13339
0.683417 0.2 3.93676
0.688442 0.2 4.47957
0.693467 0.2 4.28877
0.698492 0.2 4.11518
0.703518 0.2 4.14311
0.708543 0.2 4.20639
0.713568 0.2 4.14172
0.718593 0.2 3.78324
0.723618 0.2 0
0.728643 0.2 3.9831
0.733668 0.2 0
0.738693 0.2 4.06625
0.743719 0.2 4.11788
0.748744 0.2 3.35796
0.753769 0.2 3.80636
0.758794 0.2 0
0.763819 0.2 4.09673
0.768844 0.2 4.47422
0.773869 0.2 4.43421
0.778894 0.2 3.04745
0.78392 0.2 4.27552
0.788945 0.2 4.20996
0.79397 0.2 0
0.798995 0.2 3.92418
0.80402 0.2 3.89495
0.809045 0.2 3.89414
0.81407 0.2 0
0.819095 0.2 0
0.824121 0.2 3.73443
0.829146 0.2 4.95871
0.834171 0.2 4.38243
0.839196 0.2 3.38379
0.844221 0.2 3.66461
0.849246 0.2 4.19478
0.854271 0.2 3.99028
0.859297 0.2 4.19898
0.864322 0.2 3.5987
0.869347 0.2 3.8927
0.874372 0.2 4.59896
0.879397 0.2 3.59747
0.884422 0.2 4.66419
0.889447 0.2 4.04292
0.894472 0.2 4.04658
0.899498 0.2 4.30085
0.904523 0.2 3.60216
0.909548 0.2 4.08427
0.914573 0.2 3.82874
0.919598 0.2 4.12766
0.924623 0.2 3.88667
0.929648 0.2 4.5283
0.934673 0.2 4.00443
0.939699 0.2 3.59569
0.944724 0.2 4.45564
0.949749 0.2 4.34509
0.954774 0.2 3.86188
0.959799 0.2 2.98722
0.964824 0.2 4.06827
0.969849 0.2 4.38208
0.974874 0.2 4.13308
0.9799 0.2 0
0.984925 0.2 3.66446
0.98995 0.2 0
0.994975 0.2 3.98518
1 0.2 4.11032
0 0.4 4.17345
0.00502513 0.4 3.78897
0.0100503 0.4 4.8626
0.0150754 0.4 4.44651
0.0201005 0.4 3.72732
0.0251256 0.4 3.90832
0.0301508 0.4 0
0.0351759 0.4 3.35084
0.040201 0.4 0
0.0452261 0.4 3.31528
0.0502513 0.4 3.94049
0.0552764 0.4 0
0.0603015 0.4 4.0959
0.0653266 0.4 3.39113
0.0703518 0.4 3.8061
0.0753769 0.4 4.529
0.080402 0.4 3.90101
0.0854271 0.4 3.97498
0.0904523 0.4 4.45791
0.0954774 0.4 3.86268
0.100503 0.4 4.48137
0.105528 0.4 4.30625
0.110553 0.4 3.26825
0.115578 0.4 4.44222
0.120603 0.4 3.95219
0.125628 0.4 4.2625
0.130653 0.4 3.79238
0.135678 0.4 3.24977
0.140704 0.4 3.44837
0.145729 0.4 4.36586
0.150754 0.4 4.18387
0.155779 0.4 4.27202
0.160804 0.4 4.29194
0.165829 0.4 0
0.170854 0.4 4.0135
0.175879 0.4 3.95141
0.180905 0.4 4.3201
0.18593 0.4 4.79256
0.190955 0.4 4.0561
0.19598 0.4 4.16048
0.201005 0.4 4.37594
0.20603 0.4 3.24741
0.211055 0.4 3.88099
0.21608 0.4 4.05476
0.221106 0.4 3.57505
0.226131 0.4 4.29963
0.231156 0.4 3.07791
0.236181 0.4 4.8039
0.241206 0.4 4.21362
0.246231 0.4 3.13158
0.251256 0.4 4.40202
0.256281 0.4 4.32178
0.261307 0.4 4.00222
0.266332 0.4 4.5591
0.271357 0.4 4.4526
0.276382 0.4 0
0.281407 0.4 4.69978
0.286432 0.4 3.74452
0.291457 0.4 0
0.296482 0.4 0
0.301508 0.4 3.90104
0.306533 0.4 0
0.311558 0.4 4.49587
0.316583 0.4 3.87769
0.321608 0.4 2.79272
0.326633 0.4 4.40413
0.331658 0.4 3.97942
0.336683 0.4 4.29094
0.341709 0.4 3.89695
0.346734 0.4 4.57616
0.351759 0.4 3.88136
0.356784 0.4 4.78144
0.361809 0.4 4.34562
0.366834 0.4 3.27929
0.371859 0.4 4.07185
0.376884 0.4 4.91666
0.38191 0.4 3.79903
0.386935 0.4 3.56936
0.39196 0.4 3.57721
0.396985 0.4 4.0898
0.40201 0.4 4.44354
0.407035 0.4 4.08786
0.41206 0.4 0
0.417085 0.4 4.3699
0.422111 0.4 3.94056
0.427136 0.4 3.82586
0.432161 0.4 4.45104
0.437186 0.4 4.34224
0.442211 0.4 3.75685
0.447236 0.4 3.89119
0.452261 0.4 3.76249
0.457286 0.4 4.15775
0.462312 0.4 4.87245
0.467337 0.4 0
0.472362 0.4 3.85872
0.477387 0.4 4.33145
0.482412 0.4 3.8125
0.487437 0.4 4.17241
0.492462 0.4 0
0.497487 0.4 3.82042
0.502513 0.4 4.2774
0.507538 0.4 4.13721
0.512563 0.4 3.3967
0.517588 0.4 4.2476
0.522613 0.4 4.31305
0.527638 0.4 4.27321
0.532663 0.4 4.01126
0.537688 0.4 3.27584
0.542714 0.4 3.99817
0.547739 0.4 4.46783
0.552764 0.4 3.28254
0.557789 0.4 4.37531
0.562814 0.4 4.48384
0.567839 0.4 4.19182
0.572864 0.4 4.70738
0.577889 0.4 3.65026
0.582915 0.4 4.07181
0.58794 0.4 4.77166
0.592965 0.4 3.58494
0.59799 0.4 3.3603
0.603015 0.4 3.75472
0.60804 0.4 4.15315
0.613065 0.4 0
0.61809 0.4 3.80385
0.623116 0.4 4.7904
0.628141 0.4 3.5814
0.633166 0.4 3.65535
0.638191 0.4 3.59369
0.643216 0.4 4.31313
0.648241 0.4 4.00366
0.653266 0.4 4.48026
0.658291 0.4 4.08366
0.663317 0.4 3.16977
0.668342 0.4 4.17955
0.673367 0.4 4.32957
0.678392 0.4 3.13339
0.683417 0.4 3.93676
0.688442 0.4 4.47957
0.693467 0.4 4.28877
0.698492 0.4 4.11518
0.703518 0.4 4.14311
0.708543 0.4 4.20639
0.713568 0.4 4.14172
0.718593 0.4 3.78324
0.723618 0.4 0
0.728643 0.4 3.9831
0.733668 0.4 0
0.738693 0.4 4.06625
0.743719 0.4 4.11788
0.748744 0.4 3.35796
0.753769 0.4 3.80636
0.758794 0.4 0
0.763819 0.4 4.09673
0.768844 0.4 4.47422
0.773869 0.4 4.43421
0.778894 0.4 3.04745
0.78392 0.4 4.27552
0.788945 0.4 4.20996
0.79397 0.4 0
0.798995 0.4 3.92418
0.80402 0.4 3.89495
0.809045 0.4 3.89414
0.81407 0.4 0
0.819095 0.4 0
0.824121 0.4 3.73443
0.829146 0.4 4.95871
0.834171 0.4 4.38243
0.839196 0.4 3.38379
0.844221 0.4 3.66461
0.849246 0.4 4.19478
0.854271 0.4 3.99028
0.859297 0.4 4.19898
0.864322 0.4 3.5987
0.869347 0.4 3.8927
0.874372 0.4 4.59896
0.879397 0.4 3.59747
0.884422 0.4 4.66419
0.889447 0.4 4.04292
0.894472 0.4 4.04658
0.899498 0.4 4.30085
0.904523 0.4 3.60216
0.909548 0.4 4.08427
0.914573 0.4 3.82874
0.919598 0.4 4.12766
0.924623 0.4 3.88667
0.929648 0.4 4.5283
0.934673 0.4 4.00443
0.939699 0.4 3.59569
0.944724 0.4 4.45564
0.949749 0.4 4.34509
0.954774 0.4 3.86188
0.959799 0.4 2.98722
0.964824 0.4 4.06827
0.969849 0.4 4.38208
0.974874 0.4 4.13308
0.9799 0.4 0
0.984925 0.4 3.66446
0.98995 0.4 0
0.994975 0.4 3.98518
1 0.4 4.11032
0 0.6 4.17345
0.00502513 0.6 3.78897
0.0100503 0.6 4.8626
0.0150754 0.6 4.44651
0.0201005 0.6 3.72732
0.0251256 0.6 3.90832
0.0301508 0.6 0
0.0351759 0.6 3.35084
0.040201 0.6 0
0.0452261 0.6 3.31528
0.0502513 0.6 3.94049
0.0552764 0.6 0
0.0603015 0.6 4.0959
0.0653266 0.6 3.39113
0.0703518 0.6 3.8061
0.0753769 0.6 4.529
0.080402 0.6 3.90101
0.0854271 0.6 3.97498
0.0904523 0.6 4.45791
0.0954774 0.6 3.86268
0.100503 0.6 4.48137
0.105528 0.6 4.30625
0.110553 0.6 3.26825
0.115578 0.6 4.44222
0.120603 0.6 3.95219
0.125628 0.6 4.2625
0.130653 0.6 3.79238
0.135678 0.6 3.24977
0.140704 0.6 3.44837
0.145729 0.6 4.36586
0.150754 0.6 4.18387
0.155779 0.6 4.27202
0.160804 0.6 4.29194
0.165829 0.6 0
0.170854 0.6 4.0135
0.175879 0.6 3.95141
0.180905 0.6 4.3201
0.18593 0.6 4.79256
0.190955 0.6 4.0561
0.19598 0.6 4.16048
0.201005 0.6 4.37594
0.20603 0.6 3.24741
0.211055 0.6 3.88099
0.21608 0.6 4.05476
0.221106 0.6 3.57505
0.226131 0.6 4.29963
0.231156 0.6 3.07791
0.236181 0.6 4.8039
0.241206 0.6 4.21362
0.246231 0.6 3.13158
0.251256 0.6 4.40202
0.256281 0.6 4.32178
0.261307 0.6 4.00222
0.266332 0.6 4.5591
0.271357 0.6 4.4526
0.276382 0.6 0
0.281407 0.6 4.69978
0.286432 0.6 3.74452
0.291457 0.6 0
0.296482 0.6 0
0.301508 0.6 3.90104
0.306533 0.6 0
0.311558 0.6 4.49587
0.316583 0.6 3.87769
0.321608 0.6 2.79272
0.326633 0.6 4.40413
0.331658 0.6 3.97942
0.336683 0.6 4.29094
0.341709 0.6 3.89695
0.346734 0.6 4.57616
0.351759 0.6 3.88136
0.356784 0.6 4.78144
0.361809 0.6 4.34562
0.366834 0.6 3.27929
0.371859 0.6 4.07185
0.376884 0.6 4.91666
0.38191 0.6 3.79903
0.386935 0.6 3.56936
0.39196 0.6 3.57721
0.396985 0.6 4.0898
0.40201 0.6 4.44354
0.407035 0.6 4.08786
0.41206 0.6 0
0.417085 0.6 4.3699
0.422111 0.6 3.94056
0.427136 0.6 3.82586
0.432161 0.6 4.45104
0.437186 0.6 4.34224
0.442211 0.6 3.75685
0.447236 0.6 3.89119
0.452261 0.6 3.76249
0.457286 0.6 4.15775
0.462312 0.6 4.87245
0.467337 0.6 0
0.472362 0.6 3.85872
0.477387 0.6 4.33145
0.482412 0.6 3.8125
0.487437 0.6 4.17241
0.492462 0.6 0
0.497487 0.6 3.82042
0.502513 0.6 4.2774
0.507538 0.6 4.13721
0.512563 0.6 3.3967
0.517588 0.6 4.2476
0.522613 0.6 4.31305
0.527638 0.6 4.27321
0.532663 0.6 4.01126
0.537688 0.6 3.27584
0.542714 0.6 3.99817
0.547739 0.6 4.46783
0.552764 0.6 3.28254
0.557789 0.6 4.37531
0.562814 0.6 4.48384
0.567839 0.6 4.19182
0.572864 0.6 4.70738
0.577889 0.6 3.65026
0.582915 0.6 4.07181
0.58794 0.6 4.77166
0.592965 0.6 3.58494
0.59799 0.6 3.3603
0.603015 0.6 3.75472
0.60804 0.6 4.15315
0.613065 0.6 0
0.61809 0.6 3.80385
0.623116 0.6 4.7904
0.628141 0.6 3.5814
0.633166 0.6 3.65535
0.638191 0.6 3.59369
0.643216 0.6 4.31313
0.648241 0.6 4.00366
0.653266 0.6 4.48026
0.658291 0.6 4.08366
0.663317 0.6 3.16977
0.668342 0.6 4.17955
0.673367 0.6 4.32957
0.678392 0.6 3.13339
0.683417 0.6 3.93676
0.688442 0.6 4.47957
0.693467 0.6 4.28877
0.698492 0.6 4.11518
0.703518 0.6 4.14311
0.708543 0.6 4.20639
0.713568 0.6 4.14172
0.718593 0.6 3.78324
0.723618 0.6 0
0.728643 0.6 3.9831
0.733668 0.6 0
0.738693 0.6 4.06625
0.743719 0.6 4.11788
0.748744 0.6 3.35796
0.753769 0.6 3.80636
0.758794 0.6 0
0.763819 0.6 4.09673
0.768844 0.6 4.47422
0.773869 0.6 4.43421
0.778894 0.6 3.04745
0.78392 0.6 4.27552
0.788945 0.6 4.20996
0.79397 0.6 0
0.798995 0.6 3.92418
0.80402 0.6 3.89495
0.809045 0.6 3.89414
0.81407 0.6 0
0.819095 0.6 0
0.824121 0.6 3.73443
0.829146 0.6 4.95871
0.834171 0.6 4.38243
0.839196 0.6 3.38379
0.844221 0.6 3.66461
0.849246 0.6 4.19478
0.854271 0.6 3.99028
0.859297 0.6 4.19898
0.864322 0.6 3.5987
0.869347 0.6 3.8927
0.874372 0.6 4.59896
0.879397 0.6 3.59747
0.884422 0.6 4.66419
0.889447 0.6 4.04292
0.894472 0.6 4.04658
0.899498 0.6 4.30085
0.904523 0.6 3.60216
0.909548 0.6 4.08427
0.914573 0.6 3.82874
0.919598 0.6 4.12766
0.924623 0.6 3.88667
0.929648 0.6 4.5283
0.934673 0.6 4.00443
0.939699 0.6 3.59569
0.944724 0.6 4.45564
0.949749 0.6 4.34509
0.954774 0.6 3.86188
0.959799 0.6 2.98722
0.964824 0.6 4.06827
0.969849 0.6 4.38208
0.974874 0.6 4.13308
0.9799 0.6 0
0.984925 0.6 3.66446
0.98995 0.6 0
0.994975 0.6 3.98518
1 0.6 4.11032
0 0.8 4.17345
0.00502513 0.8 3.78897
0.0100503 0.8 4.8626
0.0150754 0.8 4.44651
0.0201005 0.8 3.72732
0.0251256 0.8 3.90832
0.0301508 0.8 0
0.0351759 0.8 3.35084
0.040201 0.8 0
0.0452261 0.8 3.31528
0.0502513 0.8 3.94049
0.0552764 0.8 0
0.0603015 0.8 4.0959
0.0653266 0.8 3.39113
0.0703518 0.8 3.8061
0.0753769 0.8 4.529
0.080402 0.8 3.90101
0.0854271 0.8 3.97498
0.0904523 0.8 4.45791
0.0954774 0.8 3.86268
0.100503 0.8 4.48137
0.105528 0.8 4.30625
0.110553 0.8 3.26825
0.115578 0.8 4.44222
0.120603 0.8 3.95219
0.125628 0.8 4.2625
0.130653 0.8 3.79238
0.135678 0.8 3.24977
0.140704 0.8 3.44837
0.145729 0.8 4.36586
0.150754 0.8 4.18387
0.155779 0.8 4.27202
0.160804 0.8 4.29194
0.165829 0.8 0
0.170854 0.8 4.0135
0.175879 0.8 3.95141
0.180905 0.8 4.3201
0.18593 0.8 4.79256
0.190955 0.8 4.0561
0.19598 0.8 4.16048
0.201005 0.8 4.37594
0.20603 0.8 3.24741
0.211055 0.8 3.88099
0.21608 0.8 4.05476
0.221106 0.8 3.57505
0.226131 0.8 4.29963
0.231156 0.8 3.07791
0.236181 0.8 4.8039
0.241206 0.8 4.21362
0.246231 0.8 3.13158
0.251256 0.8 4.40202
0.256281 0.8 4.32178
0.261307 0.8 4.00222
0.266332 0.8 4.5591
0.271357 0.8 4.4526
0.276382 0.8 0
0.281407 0.8 4.69978
0.286432 0.8 3.74452
0.291457 0.8 0
0.296482 0.8 0
0.301508 0.8 3.90104
0.306533 0.8 0
0.311558 0.8 4.49587
0.316583 0.8 3.87769
0.321608 0.8 2.79272
0.326633 0.8 4.40413
0.331658 0.8 3.97942
0.336683 0.8 4.29094
0.341709 0.8 3.89695
0.346734 0.8 4.57616
0.351759 0.8 3.88136
0.356784 0.8 4.78144
0.361809 0.8 4.34562
0.366834 0.8 3.27929
0.371859 0.8 4.07185
0.376884 0.8 4.91666
0.38191 0.8 3.79903
0.386935 0.8 3.56936
0.39196 0.8 3.57721
0.396985 0.8 4.0898
0.40201 0.8 4.44354
0.407035 0.8 4.08786
0.41206 0.8 0
0.417085 0.8 4.3699
0.422111 0.8 3.94056
0.427136 0.8 3.82586
0.432161 0.8 4.45104
0.437186 0.8 4.34224
0.442211 0.8 3.75685
0.447236 0.8 3.89119
0.452261 0.8 3.76249
0.457286 0.8 4.15775
0.462312 0.8 4.87245
0.467337 0.8 0
0.472362 0.8 3.85872
0.477387 0.8 4.33145
0.482412 0.8 3.8125
0.487437 0.8 4.17241
0.492462 0.8 0
0.497487 0.8 3.82042
0.502513 0.8 4.2774
0.507538 0.8 4.13721
0.512563 0.8 3.3967
0.517588 0.8 4.2476
0.522613 0.8 4.31305
0.527638 0.8 4.27321
0.532663 0.8 4.01126
0.537688 0.8 3.27584
0.542714 0.8 3.99817
0.547739 0.8 4.46783
0.552764 0.8 3.28254
0.557789 0.8 4.37531
0.562814 0.8 4.48384
0.567839 0.8 4.19182
0.572864 0.8 4.70738
0.577889 0.8 3.65026
0.582915 0.8 4.07181
0.58794 0.8 4.77166
0.592965 0.8 3.58494
0.59799 0.8 3.3603
0.603015 0.8 3.75472
0.60804 0.8 4.15315
0.613065 0.8 0
0.61809 0.8 3.80385
0.623116 0.8 4.7904
0.628141 0.8 3.5814
0.633166 0.8 3.65535
0.638191 0.8 3.59369
0.643216 0.8 4.31313
0.648241 0.8 4.00366
0.653266 0.8 4.48026
0.658291 0.8 4.08366
0.663317 0.8 3.16977
0.668342 0.8 4.17955
0.673367 0.8 4.32957
0.678392 0.8 3.13339
0.683417 0.8 3.93676
0.688442 0.8 4.47957
0.693467 0.8 4.28877
0.698492 0.8 4.11518
0.703518 0.8 4.14311
0.708543 0.8 4.20639
0.713568 0.8 4.14172
0.718593 0.8 3.78324
0.723618 0.8 0
0.728643 0.8 3.9831
0.733668 0.8 0
0.738693 0.8 4.06625
0.743719 0.8 4.11788
0.748744 0.8 3.35796
0.753769 0.8 3.80636
0.758794 0.8 0
0.763819 0.8 4.09673
0.768844 0.8 4.47422
0.773869 0.8 4.43421
0.778894 0.8 3.04745
0.78392 0.8 4.27552
0.788945 0.8 4.20996
0.79397 0.8 0
0.798995 0.8 3.92418
0.80402 0.8 3.89495
0.809045 0.8 3.89414
0.81407 0.8 0
0.819095 0.8 0
0.824121 0.8 3.73443
0.829146 0.8 4.95871
0.834171 0.8 4.38243
0.839196 0.8 3.38379
0.844221 0.8 3.66461
0.849246 0.8 4.19478
0.854271 0.8 3.99028
0.859297 0.8 4.19898
0.864322 0.8 3.5987
0.869347 0.8 3.8927
0.874372 0.8 4.59896
0.879397 0.8 3.59747
0.884422 0.8 4.66419
0.889447 0.8 4.04292
0.894472 0.8 4.04658
0.899498 0.8 4.30085
0.904523 0.8 3.60216
0.909548 0.8 4.08427
0.914573 0.8 3.82874
0.919598 0.8 4.12766
0.924623 0.8 3.88667
0.929648 0.8 4.5283
0.934673 0.8 4.00443
0.939699 0.8 3.59569
0.944724 0.8 4.45564
0.949749 0.8 4.34509
0.954774 0.8 3.86188
0.959799 0.8 2.98722
0.964824 0.8 4.06827
0.969849 0.8 4.38208
0.974874 0.8 4.13308
0.9799 0.8 0
0.984925 0.8 3.66446
0.98995 0.8 0
0.994975 0.8 3.98518
1 0.8 4.11032
0 1 4.17345
0.00502513 1 3.78897
0.0100503 1 4.8626
0.0150754 1 4.44651
0.0201005 1 3.72732
0.0251256 1 3.90832
0.0301508 1 0
0.0351759 1 3.35084
0.040201 1 0
0.0452261 1 3.31528
0.0502513 1 3.94049
0.0552764 1 0
0.0603015 1 4.0959
0.0653266 1 3.39113
0.0703518 1 3.8061
0.0753769 1 4.529
0.080402 1 3.90101
0.0854271 1 3.97498
0.0904523 1 4.45791
0.0954774 1 3.86268
0.100503 1 4.48137
0.105528 1 4.30625
0.110553 1 3.26825
0.115578 1 4.44222
0.120603 1 3.95219
0.125628 1 4.2625
0.130653 1 3.79238
0.135678 1 3.24977
0.140704 1 3.44837
0.145729 1 4.36586
0.150754 1 4.18387
0.155779 1 4.27202
0.160804 1 4.29194
0.165829 1 0
0.170854 1 4.0135
0.175879 1 3.95141
0.180905 1 4.3201
0.18593 1 4.79256
0.190955 1 4.0561
0.19598 1 4.16048
0.201005 1 4.37594
0.20603 1 3.24741
0.211055 1 3.88099
0.21608 1 4.05476
0.221106 1 3.57505
0.226131 1 4.29963
0.231156 1 3.07791
0.236181 1 4.8039
0.241206 1 4.21362
0.246231 1 3.13158
0.251256 1 4.40202
0.256281 1 4.32178
0.261307 1 4.00222
0.266332 1 4.5591
0.271357 1 4.4526
0.276382 1 0
0.281407 1 4.69978
0.286432 1 3.74452
0.291457 1 0
0.296482 1 0
0.301508 1 3.90104
0.306533 1 0
0.311558 1 4.49587
0.316583 1 3.87769
0.321608 1 2.79272
0.326633 1 4.40413
0.331658 1 3.97942
0.336683 1 4.29094
0.341709 1 3.89695
0.346734 1 4.57616
0.351759 1 3.88136
0.356784 1 4.78144
0.361809 1 4.34562
0.366834 1 3.27929
0.371859 1 4.07185
0.376884 1 4.91666
0.38191 1 3.79903
0.386935 1 3.56936
0.39196 1 3.57721
0.396985 1 4.0898
0.40201 1 4.44354
0.407035 1 4.08786
0.41206 1 0
0.417085 1 4.3699
0.422111 1 3.94056
0.427136 1 3.82586
0.432161 1 4.45104
0.437186 1 4.34224
0.442211 1 3.75685
0.447236 1 3.89119
0.452261 1 3.76249
0.457286 1 4.15775
0.462312 1 4.87245
0.467337 1 0
0.472362 1 3.85872
0.477387 1 4.33145
0.482412 1 3.8125
0.487437 1 4.17241
0.492462 1 0
0.497487 1 3.82042
0.502513 1 4.2774
0.507538 1 4.13721
0.512563 1 3.3967
0.517588 1 4.2476
0.522613 1 4.31305
0.527638 1 4.27321
0.532663 1 4.01126
0.537688 1 3.27584
0.542714 1 3.99817
0.547739 1 4.46783
0.552764 1 3.28254
0.557789 1 4.37531
0.562814 1 4.48384
0.567839 1 4.19182
0.572864 1 4.70738
0.577889 1 3.65026
0.582915 1 4.07181
0.58794 1 4.77166
0.592965 1 3.58494
0.59799 1 3.3603
0.603015 1 3.75472
0.60804 1 4.15315
0.613065 1 0
0.61809 1 3.80385
0.623116 1 4.7904
0.628141 1 3.5814
0.633166 1 3.65535
0.638191 1 3.59369
0.643216 1 4.31313
0.648241 1 4.00366
0.653266 1 4.48026
0.658291 1 4.08366
0.663317 1 3.16977
0.668342 1 4.17955
0.673367 1 4.32957
0.678392 1 3.13339
0.683417 1 3.93676
0.688442 1 4.47957
0.693467 1 4.28877
0.698492 1 4.11518
0.703518 1 4.14311
0.708543 1 4.20639
0.713568 1 4.14172
0.718593 1 3.78324
0.723618 1 0
0.728643 1 3.9831
0.733668 1 0
0.738693 1 4.06625
0.743719 1 4.11788
0.748744 1 3.35796
0.753769 1 3.80636
0.758794 1 0
0.763819 1 4.09673
0.768844 1 4.47422
0.773869 1 4.43421
0.778894 1 3.04745
0.78392 1 4.27552
0.788945 1 4.20996
0.79397 1 0
0.798995 1 3.92418
0.80402 1 3.89495
0.809045 1 3.89414
0.81407 1 0
0.819095 1 0
0.824121 1 3.73443
0.829146 1 4.95871
0.834171 1 4.38243
0.839196 1 3.38379
0.844221 1 3.66461
0.849246 1 4.19478
0.854271 1 3.99028
0.859297 1 4.19898
0.864322 1 3.5987
0.869347 1 3.8927
0.874372 1 4.59896
0.879397 1 3.59747
0.884422 1 4.66419
0.889447 1 4.04292
0.894472 1 4.04658
0.899498 1 4.30085
0.904523 1 3.60216
0.909548 1 4.08427
0.914573 1 3.82874
0.919598 1 4.12766
0.924623 1 3.88667
0.929648 1 4.5283
0.934673 1 4.00443
0.939699 1 3.59569
0.944724 1 4.45564
0.949749 1 4.34509
0.954774 1 3.86188
0.959799 1 2.98722
0.964824 1 4.06827
0.969849 1 4.38208
0.974874 1 4.13308
0.9799 1 0
0.984925 1 3.66446
0.98995 1 0
0.994975 1 3.98518
1 1 4.11032
0 1.2 4.17345
0.00502513 1.2 3.78897
0.0100503 1.2 4.8626
0.0150754 1.2 4.44651
0.0201005 1.2 3.72732
0.0251256 1.2 3.90832
0.0301508 1.2 0
0.0351759 1.2 3.35084
0.040201 1.2 0
0.0452261 1.2 3.31528
0.0502513 1.2 3.94049
0.0552764 1.2 0
0.0603015 1.2 4.0959
0.0653266 1.2 3.39113
0.0703518 1.2 3.8061
0.0753769 1.2 4.529
0.080402 1.2 3.90101
0.0854271 1.2 3.97498
0.0904523 1.2 4.45791
0.0954774 1.2 3.86268
0.100503 1.2 4.48137
0.105528 1.2 4.30625
0.110553 1.2 3.26825
0.115578 1.2 4.44222
0.120603 1.2 3.95219
0.125628 1.2 4.2625
0.130653 1.2 3.79238
0.135678 1.2 3.24977
0.140704 1.2 3.44837
0.145729 1.2 4.36586
0.150754 1.2 4.18387
0.155779 1.2 4.27202
0.160804 1.2 4.29194
0.165829 1.2 0
0.170854 1.2 4.0135
0.175879 1.2 3.95141
0.180905 1.2 4.3201
0.18593 1.2 4.79256
0.190955 1.2 4.0561
0.19598 1.2 4.16048
0.201005 1.2 4.37594
0.20603 1.2 3.24741
0.211055 1.2 3.88099
0.21608 1.2 4.05476
0.221106 1.2 3.57505
0.226131 1.2 4.29963
0.231156 1.2 3.07791
0.236181 1.2 4.8039
0.241206 1.2 4.21362
0.246231 1.2 3.13158
0.251256 1.2 4.40202
0.256281 1.2 4.32178
0.261307 1.2 4.00222
0.266332 1.2 4.5591
0.271357 1.2 4.4526
0.276382 1.2 0
0.281407 1.2 4.69978
0.286432 1.2 3.74452
0.291457 1.2 0
0.296482 1.2 0
0.301508 1.2 3.90104
0.306533 1.2 0
0.311558 1.2 4.49587
0.316583 1.2 3.87769
0.321608 1.2 2.79272
0.326633 1.2 4.40413
0.331658 1.2 3.97942
0.336683 1.2 4.29094
0.341709 1.2 3.89695
0.346734 1.2 4.57616
0.351759 1.2 3.88136
0.356784 1.2 4.78144
0.361809 1.2 4.34562
0.366834 1.2 3.27929
0.371859 1.2 4.07185
0.376884 1.2 4.91666
0.38191 1.2 3.79903
0.386935 1.2 3.56936
0.39196 1.2 3.57721
0.396985 1.2 4.0898
0.40201 1.2 4.44354
0.407035 1.2 4.08786
0.41206 1.2 0
0.417085 1.2 4.3699
0.422111 1.2 3.94056
0.427136 1.2 3.82586
0.432161 1.2 4.45104
0.437186 1.2 4.34224
0.442211 1.2 3.75685
0.447236 1.2 3.89119
0.452261 1.2 3.76249
0.457286 1.2 4.15775
0.462312 1.2 4.87245
0.467337 1.2 0
0.472362 1.2 3.85872
0.477387 1.2 4.33145
0.482412 1.2 3.8125
0.487437 1.2 4.17241
0.492462 1.2 0
0.497487 1.2 3.82042
0.502513 1.2 4.2774
0.507538 1.2 4.13721
0.512563 1.2 3.3967
0.517588 1.2 4.2476
0.522613 1.2 4.31305
0.527638 1.2 4.27321
0.532663 1.2 4.01126
0.537688 1.2 3.27584
0.542714 1.2 3.99817
0.547739 1.2 4.46783
0.552764 1.2 3.28254
0.557789 1.2 4.37531
0.562814 1.2 4.48384
0.567839 1.2 4.19182
0.572864 1.2 4.70738
0.577889 1.2 3.65026
0.582915 1.2 4.07181
0.58794 1.2 4.77166
0.592965 1.2 3.58494
0.59799 1.2 3.3603
0.603015 1.2 3.75472
0.60804 1.2 4.15315
0.613065 1.2 0
0.61809 1.2 3.80385
0.623116 1.2 4.7904
0.628141 1.2 3.5814
0.633166 1.2 3.65535
0.638191 1.2 3.59369
0.643216 1.2 4.31313
0.648241 1.2 4.00366
0.653266 1.2 4.48026
0.658291 1.2 4.08366
0.663317 1.2 3.16977
0.668342 1.2 4.17955
0.673367 1.2 4.32957
0.678392 1.2 3.13339
0.683417 1.2 3.93676
0.688442 1.2 4.47957
0.693467 1.2 4.28877
0.698492 1.2 4.11518
0.703518 1.2 4.14311
0.708543 1.2 4.20639
0.713568 1.2 4.14172
0.718593 1.2 3.78324
0.723618 1.2 0
0.728643 1.2 3.9831
0.733668 1.2 0
0.738693 1.2 4.06625
0.743719 1.2 4.11788
0.748744 1.2 3.35796
0.753769 1.2 3.80636
0.758794 1.2 0
0.763819 1.2 4.09673
0.768844 1.2 4.47422
0.773869 1.2 4.43421
0.778894 1.2 3.04745
0.78392 1.2 4.27552
0.788945 1.2 4.20996
0.79397 1.2 0
0.798995 1.2 3.92418
0.80402 1.2 3.89495
0.809045 1.2 3.89414
0.81407 1.2 0
0.819095 1.2 0
0.824121 1.2 3.73443
0.829146 1.2 4.95871
0.834171 1.2 4.38243
0.839196 1.2 3.38379
0.844221 1.2 3.66461
0.849246 1.2 4.19478
0.854271 1.2 3.99028
0.859297 1.2 4.19898
0.864322 1.2 3.5987
0.869347 1.2 3.8927
0.874372 1.2 4.59896
0.879397 1.2 3.59747
0.884422 1.2 4.66419
0.889447 1.2 4.04292
0.894472 1.2 4.04658
0.899498 1.2 4.30085
0.904523 1.2 3.60216
0.909548 1.2 4.08427
0.914573 1.2 3.82874
0.919598 1.2 4.12766
0.924623 1.2 3.88667
0.929648 1.2 4.5283
0.934673 1.2 4.00443
0.939699 1.2 3.59569
0.944724 1.2 4.45564
0.949749 1.2 4.34509
0.954774 1.2 3.86188
0.959799 1.2 2.98722
0.964824 1.2 4.06827
0.969849 1.2 4.38208
0.974874 1.2 4.13308
0.9799 1.2 0
0.984925 1.2 3.66446
0.98995 1.2 0
0.994975 1.2 3.98518
1 1.2 4.11032
0 1.4 4.17345
0.00502513 1.4 3.78897
0.0100503 1.4 4.8626
0.0150754 1.4 4.44651
0.0201005 1.4 3.72732
0.0251256 1.4 3.90832
0.0301508 1.4 0
0.0351759 1.4 3.35084
0.040201 1.4 0
0.0452261 1.4 3.31528
0.0502513 1.4 3.94049
0.0552764 1.4 0
0.0603015 1.4 4.0959
0.0653266 1.4 3.39113
0.0703518 1.4 3.8061
0.0753769 1.4 4.529
0.080402 1.4 3.90101
0.0854271 1.4 3.97498
0.0904523 1.4 4.45791
0.0954774 1.4 3.86268
0.100503 1.4 4.48137
0.105528 1.4 4.30625
0.110553 1.4 3.26825
0.115578 1.4 4.44222
0.120603 1.4 3.95219
0.125628 1.4 4.2625
0.130653 1.4 3.79238
0.135678 1.4 3.24977
0.140704 1.4 3.44837
0.145729 1.4 4.36586
0.150754 1.4 4.18387
0.155779 1.4 4.27202
0.160804 1.4 4.29194
0.165829 1.4 0
0.170854 1.4 4.0135
0.175879 1.4 3.95141
0.180905 1.4 4.3201
0.18593 1.4 4.79256
0.190955 1.4 4.0561
0.19598 1.4 4.16048
0.201005 1.4 4.37594
0.20603 1.4 3.24741
0.211055 1.4 3.88099
0.21608 1.4 4.05476
0.221106 1.4 3.57505
0.226131 1.4 4.29963
0.231156 1.4 3.07791
0.236181 1.4 4.8039
0.241206 1.4 4.21362
0.246231 1.4 3.13158
0.251256 1.4 4.27055
0.256281 1.4 4.32178
0.261307 1.4 4.00222
0.266332 1.4 4.5591
0.271357 1.4 4.4526
0.276382 1.4 0
0.281407 1.4 4.69978
0.286432 1.4 3.74452
0.291457 1.4 0
0.296482 1.4 0
0.301508 1.4 3.90104
0.306533 1.4 0
0.311558 1.4 4.49587
0.316583 1.4 3.87769
0.321608 1.4 2.79272
0.326633 1.4 4.40413
0.331658 1.4 3.97942
0.336683 1.4 4.29094
0.341709 1.4 3.89695
0.346734 1.4 4.57616
0.351759 1.4 3.88136
0.356784 1.4 4.78144
0.361809 1.4 4.34562
0.366834 1.4 3.27929
0.371859 1.4 4.07185
0.376884 1.4 4.91666
0.38191 1.4 3.79903
0.386935 1.4 3.56936
0.39196 1.4 3.57721
0.396985 1.4 4.0898
0.40201 1.4 4.44354
0.407035 1.4 4.08786
0.41206 1.4 0
0.417085 1.4 4.3699
0.422111 1.4 3.94056
0.427136 1.4 3.82586
0.432161 1.4 4.45104
0.437186 1.4 4.34224
0.442211 1.4 3.75685
0.447236 1.4 3.89119
0.452261 1.4 3.76249
0.457286 1.4 4.15775
0.462312 1.4 4.87245
0.467337 1.4 0
0.472362 1.4 3.85872
0.477387 1.4 4.33145
0.482412 1.4 3.8125
0.487437 1.4 4.17241
0.492462 1.4 0
0.497487 1.4 3.82042
0.502513 1.4 4.2774
0.507538 1.4 4.13721
0.512563 1.4 3.3967
0.517588 1.4 4.2476
0.522613 1.4 4.31305
0.527638 1.4 4.27321
0.532663 1.4 4.01126
0.537688 1.4 3.27584
0.542714 1.4 3.99817
0.547739 1.4 4.46783
0.552764 1.4 3.28254
0.557789 1.4 4.37531
0.562814 1.4 4.48384
0.567839 1.4 4.19182
0.572864 1.4 4.70738
0.577889 1.4 3.65026
0.582915 1.4 4.07181
0.58794 1.4 4.77166
0.592965 1.4 3.58494
0.59799 1.4 3.3603
0.603015 1.4 3.75472
0.60804 1.4 4.15315
0.613065 1.4 0
0.61809 1.4 3.80385
0.623116 1.4 4.7904
0.628141 1.4 3.5814
0.633166 1.4 3.65535
0.638191 1.4 3.59369
0.643216 1.4 4.31313
0.648241 1.4 4.00366
0.653266 1.4 4.48026
0.658291 1.4 4.08366
0.663317 1.4 3.16977
0.668342 1.4 4.17955
0.673367 1.4 4.32957
0.678392 1.4 3.13339
0.683417 1.4 3.93676
0.688442 1.4 4.47957
0.693467 1.4 4.28877
0.698492 1.4 4.11518
0.703518 1.4 4.14311
0.708543 1.4 4.20639
0.713568 1.4 4.14172
0.718593 1.4 3.78324
0.723618 1.4 0
0.728643 1.4 3.9831
0.733668 1.4 0
0.738693 1.4 4.06625
0.743719 1.4 4.11788
0.748744 1.4 3.35796
0.753769 1.4 3.80636
0.758794 1.4 0
0.763819 1.4 4.09673
0.768844 1.4 4.47422
0.773869 1.4 4.43421
0.778894 1.4 3.04745
0.78392 1.4 4.27552
0.788945 1.4 4.20996
0.79397 1.4 0
0.798995 1.4 3.92418
0.80402 1.4 3.89495
0.809045 1.4 3.89414
0.81407 1.4 0
0.819095 1.4 0
0.824121 1.4 3.73443
0.829146 1.4 4.95871
0.834171 1.4 4.38243
0.839196 1.4 3.38379
0.844221 1.4 3.66461
0.849246 1.4 4.19478
0.854271 1.4 3.99028
0.859297 1.4 4.19898
0.864322 1.4 3.5987
0.869347 1.4 3.8927
0.874372 1.4 4.59896
0.879397 1.4 3.59747
0.884422 1.4 4.66419
0.889447 1.4 4.04292
0.894472 1.4 4.04658
0.899498 1.4 4.30085
0.904523 1.4 3.60216
0.909548 1.4 4.08427
0.914573 1.4 3.82874
0.919598 1.4 4.12766
0.924623 1.4 3.88667
0.929648 1.4 4.5283
0.934673 1.4 4.00443
0.939699 1.4 3.59569
0.944724 1.4 4.45564
0.949749 1.4 4.34509
0.954774 1.4 3.86188
0.959799 1.4 2.98722
0.964824 1.4 4.06827
0.969849 1.4 4.38208
0.974874 1.4 4.13308
0.9799 1.4 0
0.984925 1.4 3.66446
0.98995 1.4 0
0.994975 1.4 3.98518
1 1.4 4.11032
0 1.6 4.17345
0.00502513 1.6 3.78897
0.0100503 1.6 4.8626
0.0150754 1.6 4.44651
0.0201005 1.6 3.72732
0.0251256 1.6 3.90832
0.0301508 1.6 0
0.0351759 1.6 3.35084
0.040201 1.6 0
0.0452261 1.6 3.31528
0.0502513 1.6 3.94049
0.0552764 1.6 0
0.0603015 1.6 4.0959
0.0653266 1.6 3.39113
0.0703518 1.6 3.8061
0.0753769 1.6 4.529
0.080402 1.6 3.90101
0.0854271 1.6 3.97498
0.0904523 1.6 4.45791
0.0954774 1.6 3.86268
0.100503 1.6 4.48137
0.105528 1.6 4.30625
0.110553 1.6 3.26825
0.115578 1.6 4.44222
0.120603 1.6 3.95219
0.125628 1.6 4.2625
0.130653 1.6 3.79238
0.135678 1.6 3.24977
0.140704 1.6 3.44837
0.145729 1.6 4.36586
0.150754 1.6 4.18387
0.155779 1.6 4.27202
0.160804 1.6 4.29194
0.165829 1.6 0
0.170854 1.6 4.0135
0.175879 1.6 3.95141
0.180905 1.6 4.3201
0.18593 1.6 4.79256
0.190955 1.6 4.0561
0.19598 1.6 4.16048
0.201005 1.6 4.37594
0.20603 1.6 3.24741
0.211055 1.6 3.88099
0.21608 1.6 4.05476
0.221106 1.6 3.57505
0.226131 1.6 4.29963
0.231156 1.6 3.07791
0.236181 1.6 4.8039
0.241206 1.6 4.21362
0.246231 1.6 3.13158
0.251256 1.6 4.27055
0.256281 1.6 4.32178
0.261307 1.6 4.00222
0.266332 1.6 4.5591
0.271357 1.6 4.4526
0.276382 1.6 0
0.281407 1.6 4.69978
0.286432 1.6 3.74452
0.291457 1.6 0
0.296482 1.6 0
0.301508 1.6 3.90104
0.306533 1.6 0
0.311558 1.6 4.49587
0.316583 1.6 3.87769
0.321608 1.6 2.79272
0.326633 1.6 4.40413
0.331658 1.6 3.97942
0.336683 1.6 4.29094
0.341709 1.6 3.89695
0.346734 1.6 4.57616
0.351759 1.6 3.88136
0.356784 1.6 4.78144
0.361809 1.6 4.34562
0.366834 1.6 3.27929
0.371859 1.6 4.07185
0.376884 1.6 4.91666
0.38191 1.6 3.79903
0.386935 1.6 3.56936
0.39196 1.6 3.57721
0.396985 1.6 4.0898
0.40201 1.6 4.44354
0.407035 1.6 4.08786
0.41206 1.6 0
0.417085 1.6 4.3699
0.422111 1.6 3.94056
0.427136 1.6 3.82586
0.432161 1.6 4.45104
0.437186 1.6 4.34224
0.442211 1.6 3.75685
0.447236 1.6 3.89119
0.452261 1.6 3.76249
0.457286 1.6 4.15775
0.462312 1.6 4.87245
0.467337 1.6 0
0.472362 1.6 3.85872
0.477387 1.6 4.33145
0.482412 1.6 3.8125
0.487437 1.6 4.17241
0.492462 1.6 0
0.497487 1.6 3.82042
0.502513 1.6 4.2774
0.507538 1.6 4.13721
0.512563 1.6 3.3967
0.517588 1.6 4.2476
0.522613 1.6 4.31305
0.527638 1.6 4.27321
0.532663 1.6 4.01126
0.537688 1.6 3.27584
0.542714 1.6 3.99817
0.547739 1.6 4.46783
0.552764 1.6 3.28254
0.557789 1.6 4.37531
0.562814 1.6 4.48384
0.567839 1.6 4.19182
0.572864 1.6 4.70738
0.577889 1.6 3.65026
0.582915 1.6 4.07181
0.58794 1.6 4.77166
0.592965 1.6 3.58494
0.59799 1.6 3.3603
0.603015 1.6 3.75472
0.60804 1.6 4.15315
0.613065 1.6 0
0.61809 1.6 3.80385
0.623116 1.6 4.7904
0.628141 1.6 3.5814
0.633166 1.6 3.65535
0.638191 1.6 3.59369
0.643216 1.6 4.31313
0.648241 1.6 4.00366
0.653266 1.6 4.48026
0.658291 1.6 4.08366
0.663317 1.6 3.16977
0.668342 1.6 4.17955
0.673367 1.6 4.32957
0.678392 1.6 3.13339
0.683417 1.6 3.93676
0.688442 1.6 4.47957
0.693467 1.6 4.28877
0.698492 1.6 4.11518
0.703518 1.6 4.14311
0.708543 1.6 4.20639
0.713568 1.6 4.14172
0.718593 1.6 3.78324
0.723618 1.6 0
0.728643 1.6 3.9831
0.733668 1.6 0
0.738693 1.6 4.06625
0.743719 1.6 4.11788
0.748744 1.6 3.35796
0.753769 1.6 3.80636
0.758794 1.6 0
0.763819 1.6 4.09673
0.768844 1.6 4.47422
0.773869 1.6 4.43421
0.778894 1.6 3.04745
0.78392 1.6 4.27552
0.788945 1.6 4.20996
0.79397 1.6 0
0.798995 1.6 3.92418
0.80402 1.6 3.89495
0.809045 1.6 3.89414
0.81407 1.6 0
0.819095 1.6 0
0.824121 1.6 3.73443
0.829146 1.6 4.95871
0.834171 1.6 4.38243
0.839196 1.6 3.38379
0.844221 1.6 3.66461
0.849246 1.6 4.19478
0.854271 1.6 3.99028
0.859297 1.6 4.19898
0.864322 1.6 3.5987
0.869347 1.6 3.8927
0.874372 1.6 4.59896
0.879397 1.6 3.59747
0.884422 1.6 4.66419
0.889447 1.6 4.04292
0.894472 1.6 4.04658
0.899498 1.6 4.30085
0.904523 1.6 3.60216
0.909548 1.6 4.08427
0.914573 1.6 3.82874
0.919598 1.6 4.12766
0.924623 1.6 3.88667
0.929648 1.6 4.5283
0.934673 1.6 4.00443
0.939699 1.6 3.59569
0.944724 1.6 4.45564
0.949749 1.6 4.34509
0.954774 1.6 3.86188
0.959799 1.6 2.98722
0.964824 1.6 4.06827
0.969849 1.6 4.38208
0.974874 1.6 4.13308
0.9799 1.6 0
0.984925 1.6 3.66446
0.98995 1.6 0
0.994975 1.6 3.98518
1 1.6 4.11032
0 1.8 4.17345
0.00502513 1.8 3.78897
0.0100503 1.8 4.8626
0.0150754 1.8 4.44651
0.0201005 1.8 3.72732
0.0251256 1.8 3.90832
0.0301508 1.8 0
0.0351759 1.8 3.35084
0.040201 1.8 0
0.0452261 1.8 3.31528
0.0502513 1.8 3.94049
0.0552764 1.8 0
0.0603015 1.8 4.0959
0.0653266 1.8 3.39113
0.0703518 1.8 3.8061
0.0753769 1.8 4.529
0.080402 1.8 3.90101
0.0854271 1.8 3.97498
0.0904523 1.8 4.45791
0.0954774 1.8 3.86268
0.100503 1.8 4.48137
0.105528 1.8 4.30625
0.110553 1.8 3.26825
0.115578 1.8 4.44222
0.120603 1.8 3.95219
0.125628 1.8 4.2625
0.130653 1.8 3.79238
0.135678 1.8 3.24977
0.140704 1.8 3.44837
0.145729 1.8 4.36586
0.150754 1.8 4.18387
0.155779 1.8 4.27202
0.160804 1.8 4.29194
0.165829 1.8 0
0.170854 1.8 4.0135
0.175879 1.8 3.95141
0.180905 1.8 4.3201
0.18593 1.8 4.79256
0.190955 1.8 4.0561
0.19598 1.8 4.16048
0.201005 1.8 4.37594
0.20603 1.8 3.24741
0.211055 1.8 3.88099
0.21608 1.8 4.05476
0.221106 1.8 3.57505
0.226131 1.8 4.29963
0.231156 1.8 3.07791
0.236181 1.8 4.8039
0.241206 1.8 4.21362
0.246231 1.8 3.13158
0.251256 1.8 4.27055
0.256281 1.8 4.32178
0.261307 1.8 4.00222
0.266332 1.8 4.5591
0.271357 1.8 4.4526
0.276382 1.8 0
0.281407 1.8 4.69978
0.286432 1.8 3.74452
0.291457 1.8 0
0.296482 1.8 0
0.301508 1.8 3.90104
0.306533 1.8 0
0.311558 1.8 4.49587
0.316583 1.8 3.87769
0.321608 1.8 2.79272
0.326633 1.8 4.40413
0.331658 1.8 3.97942
0.336683 1.8 4.29094
0.341709 1.8 3.89695
0.346734 1.8 4.57616
0.351759 1.8 3.88136
0.356784 1.8 4.78144
0.361809 1.8 4.34562
0.366834 1.8 3.27929
0.371859 1.8 4.07185
0.376884 1.8 4.91666
0.38191 1.8 3.79903
0.386935 1.8 3.56936
0.39196 1.8 3.57721
0.396985 1.8 4.0898
0.40201 1.8 4.44354
0.407035 1.8 4.08786
0.41206 1.8 0
0.417085 1.8 4.3699
0.422111 1.8 3.94056
0.427136 1.8 3.82586
0.432161 1.8 4.45104
0.437186 1.8 4.34224
0.442211 1.8 3.75685
0.447236 1.8 3.89119
0.452261 1.8 3.76249
0.457286 1.8 4.15775
0.462312 1.8 4.87245
0.467337 1.8 0
0.472362 1.8 3.85872
0.477387 1.8 4.33145
0.482412 1.8 3.8125
0.487437 1.8 4.17241
0.492462 1.8 0
0.497487 1.8 3.82042
0.502513 1.8 4.2774
0.507538 1.8 4.13721
0.512563 1.8 3.3967
0.517588 1.8 4.2476
0.522613 1.8 4.31305
0.527638 1.8 4.27321
0.532663 1.8 4.01126
0.537688 1.8 3.27584
0.542714 1.8 3.99817
0.547739 1.8 4.46783
0.552764 1.8 3.28254
0.557789 1.8 4.37531
0.562814 1.8 4.48384
0.567839 1.8 4.19182
0.572864 1.8 4.70738
0.577889 1.8 3.65026
0.582915 1.8 4.07181
0.58794 1.8 4.77166
0.592965 1.8 3.58494
0.59799 1.8 3.3603
0.603015 1.8 3.75472
0.60804 1.8 4.15315
0.613065 1.8 0
0.61809 1.8 3.80385
0.623116 1.8 4.7904
0.628141 1.8 3.5814
0.633166 1.8 3.65535
0.638191 1.8 3.59369
0.643216 1.8 4.31313
0.648241 1.8 4.00366
0.653266 1.8 4.48026
0.658291 1.8 4.08366
0.663317 1.8 3.16977
0.668342 1.8 4.17955
0.673367 1.8 4.32957
0.678392 1.8 3.13339
0.683417 1.8 3.93676
0.688442 1.8 4.47957
0.693467 1.8 4.28877
0.698492 1.8 4.11518
0.703518 1.8 4.14311
0.708543 1.8 4.20639
0.713568 1.8 4.14172
0.718593 1.8 3.78324
0.723618 1.8 0
0.728643 1.8 3.9831
0.733668 1.8 0
0.738693 1.8 4.06625
0.743719 1.8 4.11788
0.748744 1.8 3.35796
0.753769 1.8 3.80636
0.758794 1.8 0
0.763819 1.8 4.09673
0.768844 1.8 4.47422
0.773869 1.8 4.43421
0.778894 1.8 3.04745
0.78392 1.8 4.27552
0.788945 1.8 4.20996
0.79397 1.8 0
0.798995 1.8 3.92418
0.80402 1.8 3.89495
0.809045 1.8 3.89414
0.81407 1.8 0
0.819095 1.8 0
0.824121 1.8 3.73443
0.829146 1.8 4.95871
0.834171 1.8 4.38243
0.839196 1.8 3.38379
0.844221 1.8 3.66461
0.849246 1.8 4.19478
0.854271 1.8 3.99028
0.859297 1.8 4.19898
0.864322 1.8 3.5987
0.869347 1.8 3.8927
0.874372 1.8 4.59896
0.879397 1.8 3.59747
0.884422 1.8 4.66419
0.889447 1.8 4.04292
0.894472 1.8 4.04658
0.899498 1.8 4.30085
0.904523 1.8 3.60216
0.909548 1.8 4.08427
0.914573 1.8 3.82874
0.919598 1.8 4.12766
0.924623 1.8 3.88667
0.929648 1.8 4.5283
0.934673 1.8 4.00443
0.939699 1.8 3.59569
0.944724 1.8 4.45564
0.949749 1.8 4.34509
0.954774 1.8 3.86188
0.959799 1.8 2.98722
0.964824 1.8 4.06827
0.969849 1.8 4.38208
0.974874 1.8 4.13308
0.9799 1.8 0
0.984925 1.8 3.66446
0.98995 1.8 0
0.994975 1.8 3.98518
1 1.8 4.11032

