0 0.134795 3.0098
0.047619 0.134795 3.46908
0.0952381 0.134795 4.22316
0.142857 0.134795 4.14094
0.190476 0.134795 4.18022
0.238095 0.134795 4.12153
0.285714 0.134795 3.7625
0.333333 0.134795 3.38283
0.380952 0.134795 4.22826
0.428571 0.134795 3.79184
0.47619 0.134795 3.83526
0.52381 0.134795 3.84435
0.571429 0.134795 4.24479
0.619048 0.134795 3.84748
0.666667 0.134795 3.82173
0.714286 0.134795 3.84524
0.761905 0.134795 3.75468
0.809524 0.134795 3.55762
0.857143 0.134795 3.68594
0.904762 0.134795 4.13483
0.952381 0.134795 3.75953
1 0.134795 3.26048
0 0.139288 2.97726
0.047619 0.139288 3.46908
0.0952381 0.139288 4.22316
0.142857 0.139288 4.14094
0.190476 0.139288 4.18022
0.238095 0.139288 4.12153
0.285714 0.139288 3.7625
0.333333 0.139288 3.38283
0.380952 0.139288 4.22826
0.428571 0.139288 3.79184
0.47619 0.139288 3.83526
0.52381 0.139288 3.84435
0.571429 0.139288 4.24479
0.619048 0.139288 3.84748
0.666667 0.139288 3.82173
0.714286 0.139288 3.84524
0.761905 0.139288 3.70734
0.809524 0.139288 3.55762
0.857143 0.139288 3.68594
0.904762 0.139288 4.13483
0.952381 0.139288 3.75953
1 0.139288 3.26048
0 0.143781 2.97726
0.047619 0.143781 3.42701
0.0952381 0.143781 4.08969
0.142857 0.143781 4.14094
0.190476 0.143781 4.13795
0.238095 0.143781 4.08599
0.285714 0.143781 3.7625
0.333333 0.143781 3.34862
0.380952 0.143781 4.22826
0.428571 0.143781 3.79184
0.47619 0.143781 3.83526
0.52381 0.143781 3.84435
0.571429 0.143781 4.24479
0.619048 0.143781 3.84748
0.666667 0.143781 3.82173
0.714286 0.143781 3.84524
0.761905 0.143781 3.70734
0.809524 0.143781 3.55762
0.857143 0.143781 3.68594
0.904762 0.143781 4.13483
0.952381 0.143781 3.75953
1 0.143781 3.26048
0 0.148274 2.97726
0.047619 0.148274 3.42701
0.0952381 0.148274 4.08969
0.142857 0.148274 4.14094
0.190476 0.148274 4.13795
0.238095 0.148274 4.05421
0.285714 0.148274 3.7625
0.333333 0.148274 3.34862
0.380952 0.148274 4.22826
0.428571 0.148274 3.79184
0.47619 0.148274 3.83526
0.52381 0.148274 3.84435
0.571429 0.148274 3.73386
0.619048 0.148274 3.84748
0.666667 0.148274 3.82173
0.714286 0.148274 3.84524
0.761905 0.148274 3.70734
0.809524 0.148274 3.52887
0.857143 0.148274 3.68594
0.904762 0.148274 4.13483
0.952381 0.148274 3.75953
1 0.148274 3.26048
0 0.152767 2.97726
0.047619 0.152767 3.42701
0.0952381 0.152767 4.08969
0.142857 0.152767 4.14094
0.190476 0.152767 4.13795
0.238095 0.152767 4.05421
0.285714 0.152767 3.7625
0.333333 0.152767 3.34862
0.380952 0.152767 4.19531
0.428571 0.152767 3.79184
0.47619 0.152767 3.83526
0.52381 0.152767 3.84435
0.571429 0.152767 3.73386
0.619048 0.152767 3.84748
0.666667 0.152767 3.82173
0.714286 0.152767 3.84524
0.761905 0.152767 3.70734
0.809524 0.152767 3.52887
0.857143 0.152767 3.61283
0.904762 0.152767 4.13483
0.952381 0.152767 3.75953
1 0.152767 3.23958
0 0.157261 2.97726
0.047619 0.157261 3.42701
0.0952381 0.157261 4.08969
0.142857 0.157261 4.14094
0.190476 0.157261 4.13795
0.238095 0.157261 4.05421
0.285714 0.157261 3.7625
0.333333 0.157261 3.34862
0.380952 0.157261 4.19531
0.428571 0.157261 3.79184
0.47619 0.157261 3.83526
0.52381 0.157261 3.84435
0.571429 0.157261 3.73386
0.619048 0.157261 3.84748
0.666667 0.157261 3.82173
0.714286 0.157261 3.84524
0.761905 0.157261 3.70734
0.809524 0.157261 3.52887
0.857143 0.157261 3.61283
0.904762 0.157261 4.13483
0.952381 0.157261 3.75953
1 0.157261 3.23958
0 0.161754 2.97726
0.047619 0.161754 3.42701
0.0952381 0.161754 4.08969
0.142857 0.161754 4.14094
0.190476 0.161754 4.13358
0.238095 0.161754 4.05421
0.285714 0.161754 3.7625
0.333333 0.161754 3.34862
0.380952 0.161754 4.19531
0.428571 0.161754 3.79184
0.47619 0.161754 3.83526
0.52381 0.161754 3.84435
0.571429 0.161754 3.73386
0.619048 0.161754 3.79793
0.666667 0.161754 3.82173
0.714286 0.161754 3.84524
0.761905 0.161754 3.70734
0.809524 0.161754 3.52887
0.857143 0.161754 3.61283
0.904762 0.161754 4.13483
0.952381 0.161754 3.75953
1 0.161754 3.23958
0 0.166247 2.97726
0.047619 0.166247 3.42701
0.0952381 0.166247 4.05398
0.142857 0.166247 4.14094
0.190476 0.166247 4.1269
0.238095 0.166247 3.99665
0.285714 0.166247 3.7625
0.333333 0.166247 3.34862
0.380952 0.166247 4.19531
0.428571 0.166247 3.76391
0.47619 0.166247 3.83526
0.52381 0.166247 3.84435
0.571429 0.166247 3.73386
0.619048 0.166247 3.79793
0.666667 0.166247 3.82173
0.714286 0.166247 3.84524
0.761905 0.166247 3.6975
0.809524 0.166247 3.52887
0.857143 0.166247 3.61283
0.904762 0.166247 4.11286
0.952381 0.166247 3.74856
1 0.166247 3.23958
0 0.17074 2.95301
0.047619 0.17074 3.42701
0.0952381 0.17074 4.0419
0.142857 0.17074 4.14094
0.190476 0.17074 4.1269
0.238095 0.17074 3.99665
0.285714 0.17074 3.7471
0.333333 0.17074 3.31814
0.380952 0.17074 4.15298
0.428571 0.17074 3.76391
0.47619 0.17074 3.83526
0.52381 0.17074 3.84435
0.571429 0.17074 3.73386
0.619048 0.17074 3.79793
0.666667 0.17074 3.82173
0.714286 0.17074 3.84524
0.761905 0.17074 3.6975
0.809524 0.17074 3.52887
0.857143 0.17074 3.61283
0.904762 0.17074 4.11286
0.952381 0.17074 3.74856
1 0.17074 3.23958
0 0.175233 2.95301
0.047619 0.175233 3.42701
0.0952381 0.175233 4.0419
0.142857 0.175233 4.14094
0.190476 0.175233 4.1269
0.238095 0.175233 3.99665
0.285714 0.175233 3.7471
0.333333 0.175233 3.31814
0.380952 0.175233 4.15298
0.428571 0.175233 3.72347
0.47619 0.175233 3.83526
0.52381 0.175233 3.84435
0.571429 0.175233 3.73386
0.619048 0.175233 3.79793
0.666667 0.175233 3.82173
0.714286 0.175233 3.84524
0.761905 0.175233 3.6975
0.809524 0.175233 3.52887
0.857143 0.175233 3.61283
0.904762 0.175233 4.09948
0.952381 0.175233 3.74856
1 0.175233 3.20765
0 0.179726 2.95301
0.047619 0.179726 3.42701
0.0952381 0.179726 4.0419
0.142857 0.179726 4.14094
0.190476 0.179726 4.1269
0.238095 0.179726 3.99665
0.285714 0.179726 3.7471
0.333333 0.179726 3.31814
0.380952 0.179726 4.15298
0.428571 0.179726 3.72347
0.47619 0.179726 3.83526
0.52381 0.179726 3.84435
0.571429 0.179726 3.73386
0.619048 0.179726 3.79793
0.666667 0.179726 3.82173
0.714286 0.179726 3.84524
0.761905 0.179726 3.69055
0.809524 0.179726 3.52887
0.857143 0.179726 3.61283
0.904762 0.179726 4.09948
0.952381 0.179726 3.74856
1 0.179726 3.20765

