0.75	2.07743
0.775	2.07743
0.8	2.07743
0.825	2.07743
0.85	2.07743
0.875	2.07743
0.9	2.07743
0.925	2.07743
0.95	2.07743
0.975	2.07743
1	2.07743
1.025	2.07743
1.05	2.0766
1.075	2.07407
1.1	2.07407
1.125	2.0726
1.15	2.0726
1.175	2.0726
1.2	2.0726
1.225	2.0726
1.25	2.0635
1.275	2.0635
1.3	2.0635
1.325	2.0635
1.35	2.0635
1.375	2.06137
1.4	2.06067
1.425	2.06067
1.45	2.06015
1.475	2.06015
1.5	2.05325


Utilized scores
2.05325
2.06015
2.06015
2.06067
2.06067
2.06137
2.0635
2.0635
2.0635
2.0635
2.0635
2.0726
2.0726
2.0726
2.0726
2.0726
2.07407
2.07407
2.0766
2.07743
2.07743
2.07743
2.07743
2.07743
2.07743
2.07743
2.07743
2.07743
2.07743
2.07743
2.07743
----------------------------------------
Final Score: 2.07067