0.75	2.16817
0.775	2.16817
0.8	2.16817
0.825	2.16817
0.85	2.16817
0.875	2.16817
0.9	2.16817
0.925	2.16817
0.95	2.16656
0.975	2.1654
1	2.1654
1.025	2.1654
1.05	2.16158
1.075	2.16158
1.1	2.14692
1.125	2.14692
1.15	2.14692
1.175	2.14692
1.2	2.14664
1.225	2.1457
1.25	2.1457
1.275	2.1457
1.3	2.14436
1.325	2.14436
1.35	2.14178
1.375	2.14178
1.4	2.14178
1.425	2.14178
1.45	2.14098
1.475	2.14061
1.5	2.14061


Utilized scores
2.14061
2.14061
2.14098
2.14178
2.14178
2.14178
2.14178
2.14436
2.14436
2.1457
2.1457
2.1457
2.14664
2.14692
2.14692
2.14692
2.14692
2.16158
2.16158
2.1654
2.1654
2.1654
2.16656
2.16817
2.16817
2.16817
2.16817
2.16817
2.16817
2.16817
2.16817
----------------------------------------
Final Score: 2.15422