0 0.122389 2.75388
0.0454545 0.122389 3.64762
0.0909091 0.122389 4.11434
0.136364 0.122389 4.19691
0.181818 0.122389 4.24713
0.227273 0.122389 4.23696
0.272727 0.122389 3.91347
0.318182 0.122389 3.83568
0.363636 0.122389 4.24447
0.409091 0.122389 3.89885
0.454545 0.122389 3.95097
0.5 0.122389 4.32511
0.545455 0.122389 3.86697
0.590909 0.122389 3.41957
0.636364 0.122389 1.71232
0.681818 0.122389 3.15354
0.727273 0.122389 3.83491
0.772727 0.122389 4.30526
0.818182 0.122389 3.23397
0.863636 0.122389 3.85916
0.909091 0.122389 4.25433
0.954545 0.122389 3.71903
1 0.122389 3.3082
0 0.126469 2.75388
0.0454545 0.126469 3.64762
0.0909091 0.126469 4.11434
0.136364 0.126469 4.19691
0.181818 0.126469 4.24713
0.227273 0.126469 4.23696
0.272727 0.126469 3.91347
0.318182 0.126469 3.83568
0.363636 0.126469 4.24447
0.409091 0.126469 3.89885
0.454545 0.126469 3.95097
0.5 0.126469 4.32511
0.545455 0.126469 3.86697
0.590909 0.126469 3.41957
0.636364 0.126469 1.71232
0.681818 0.126469 3.15354
0.727273 0.126469 3.83491
0.772727 0.126469 4.30526
0.818182 0.126469 3.23397
0.863636 0.126469 3.85916
0.909091 0.126469 4.25433
0.954545 0.126469 3.71903
1 0.126469 3.3082
0 0.130548 2.75388
0.0454545 0.130548 3.64762
0.0909091 0.130548 4.11434
0.136364 0.130548 4.19691
0.181818 0.130548 4.24713
0.227273 0.130548 4.23696
0.272727 0.130548 3.91347
0.318182 0.130548 3.83568
0.363636 0.130548 4.24447
0.409091 0.130548 3.89885
0.454545 0.130548 3.95097
0.5 0.130548 4.32511
0.545455 0.130548 3.86697
0.590909 0.130548 3.41957
0.636364 0.130548 1.71232
0.681818 0.130548 3.15354
0.727273 0.130548 3.83491
0.772727 0.130548 4.30526
0.818182 0.130548 3.23397
0.863636 0.130548 3.85916
0.909091 0.130548 4.25433
0.954545 0.130548 3.71903
1 0.130548 3.3082
0 0.134628 2.75388
0.0454545 0.134628 3.64762
0.0909091 0.134628 4.11434
0.136364 0.134628 4.19691
0.181818 0.134628 4.24713
0.227273 0.134628 4.23696
0.272727 0.134628 3.91347
0.318182 0.134628 3.83568
0.363636 0.134628 4.24447
0.409091 0.134628 3.89885
0.454545 0.134628 3.95097
0.5 0.134628 4.32511
0.545455 0.134628 3.86697
0.590909 0.134628 3.41957
0.636364 0.134628 1.71232
0.681818 0.134628 3.15354
0.727273 0.134628 3.83491
0.772727 0.134628 4.30526
0.818182 0.134628 3.23397
0.863636 0.134628 3.85916
0.909091 0.134628 4.25433
0.954545 0.134628 3.71903
1 0.134628 3.3082
0 0.138708 2.75388
0.0454545 0.138708 3.64762
0.0909091 0.138708 4.11434
0.136364 0.138708 4.19691
0.181818 0.138708 4.24713
0.227273 0.138708 4.23696
0.272727 0.138708 3.91347
0.318182 0.138708 3.83568
0.363636 0.138708 4.24447
0.409091 0.138708 3.89885
0.454545 0.138708 3.95097
0.5 0.138708 4.32511
0.545455 0.138708 3.86697
0.590909 0.138708 3.41957
0.636364 0.138708 1.71232
0.681818 0.138708 3.15354
0.727273 0.138708 3.83491
0.772727 0.138708 4.30526
0.818182 0.138708 3.23397
0.863636 0.138708 3.85916
0.909091 0.138708 4.25433
0.954545 0.138708 3.71903
1 0.138708 3.3082
0 0.142787 2.75388
0.0454545 0.142787 3.64762
0.0909091 0.142787 4.11434
0.136364 0.142787 4.19691
0.181818 0.142787 4.24713
0.227273 0.142787 4.23696
0.272727 0.142787 3.91347
0.318182 0.142787 3.83568
0.363636 0.142787 4.24447
0.409091 0.142787 3.89885
0.454545 0.142787 3.95097
0.5 0.142787 4.32511
0.545455 0.142787 3.86697
0.590909 0.142787 3.41957
0.636364 0.142787 1.71232
0.681818 0.142787 3.15354
0.727273 0.142787 3.83491
0.772727 0.142787 4.30526
0.818182 0.142787 3.23397
0.863636 0.142787 3.85916
0.909091 0.142787 4.25433
0.954545 0.142787 3.71903
1 0.142787 3.3082
0 0.146867 2.75388
0.0454545 0.146867 3.64762
0.0909091 0.146867 4.11434
0.136364 0.146867 4.19691
0.181818 0.146867 4.24713
0.227273 0.146867 4.23696
0.272727 0.146867 3.91347
0.318182 0.146867 3.83568
0.363636 0.146867 4.24447
0.409091 0.146867 3.89885
0.454545 0.146867 3.95097
0.5 0.146867 4.32511
0.545455 0.146867 3.86697
0.590909 0.146867 3.41957
0.636364 0.146867 1.71232
0.681818 0.146867 3.15354
0.727273 0.146867 3.83491
0.772727 0.146867 4.30526
0.818182 0.146867 3.23397
0.863636 0.146867 3.85916
0.909091 0.146867 4.25433
0.954545 0.146867 3.71903
1 0.146867 3.3082
0 0.150947 2.75388
0.0454545 0.150947 3.64762
0.0909091 0.150947 4.11434
0.136364 0.150947 4.19691
0.181818 0.150947 4.24713
0.227273 0.150947 4.23696
0.272727 0.150947 3.91347
0.318182 0.150947 3.83568
0.363636 0.150947 4.24447
0.409091 0.150947 3.89885
0.454545 0.150947 3.95097
0.5 0.150947 4.32511
0.545455 0.150947 3.86697
0.590909 0.150947 3.41957
0.636364 0.150947 1.71232
0.681818 0.150947 3.15354
0.727273 0.150947 3.83491
0.772727 0.150947 4.30526
0.818182 0.150947 3.23397
0.863636 0.150947 3.85916
0.909091 0.150947 4.25433
0.954545 0.150947 3.71903
1 0.150947 3.3082
0 0.155026 2.75388
0.0454545 0.155026 3.64762
0.0909091 0.155026 4.11434
0.136364 0.155026 4.19691
0.181818 0.155026 4.24713
0.227273 0.155026 4.22344
0.272727 0.155026 3.87412
0.318182 0.155026 3.83568
0.363636 0.155026 4.24447
0.409091 0.155026 3.89885
0.454545 0.155026 3.95097
0.5 0.155026 4.32511
0.545455 0.155026 3.86697
0.590909 0.155026 3.41957
0.636364 0.155026 1.71232
0.681818 0.155026 3.15354
0.727273 0.155026 3.83491
0.772727 0.155026 4.30526
0.818182 0.155026 3.23397
0.863636 0.155026 3.85916
0.909091 0.155026 4.25433
0.954545 0.155026 3.71903
1 0.155026 3.3082
0 0.159106 2.75388
0.0454545 0.159106 3.64762
0.0909091 0.159106 4.11434
0.136364 0.159106 4.19691
0.181818 0.159106 4.24713
0.227273 0.159106 4.22344
0.272727 0.159106 3.85567
0.318182 0.159106 3.80878
0.363636 0.159106 4.24447
0.409091 0.159106 3.89885
0.454545 0.159106 3.95097
0.5 0.159106 4.32511
0.545455 0.159106 3.86697
0.590909 0.159106 3.41957
0.636364 0.159106 1.71232
0.681818 0.159106 3.15354
0.727273 0.159106 3.83491
0.772727 0.159106 4.30526
0.818182 0.159106 3.23397
0.863636 0.159106 3.85916
0.909091 0.159106 4.25433
0.954545 0.159106 3.71903
1 0.159106 3.3082
0 0.163185 2.75388
0.0454545 0.163185 3.64762
0.0909091 0.163185 4.11434
0.136364 0.163185 4.19691
0.181818 0.163185 4.24713
0.227273 0.163185 4.22344
0.272727 0.163185 3.85567
0.318182 0.163185 3.80878
0.363636 0.163185 4.24447
0.409091 0.163185 3.89885
0.454545 0.163185 3.95097
0.5 0.163185 4.32511
0.545455 0.163185 3.86697
0.590909 0.163185 3.41957
0.636364 0.163185 1.71232
0.681818 0.163185 3.15354
0.727273 0.163185 3.83491
0.772727 0.163185 4.30526
0.818182 0.163185 3.23397
0.863636 0.163185 3.85916
0.909091 0.163185 4.25433
0.954545 0.163185 3.71903
1 0.163185 3.3082
0 0.167265 2.75388
0.0454545 0.167265 3.64762
0.0909091 0.167265 4.11434
0.136364 0.167265 4.19691
0.181818 0.167265 4.24713
0.227273 0.167265 4.22344
0.272727 0.167265 3.85567
0.318182 0.167265 3.80878
0.363636 0.167265 4.24447
0.409091 0.167265 3.89885
0.454545 0.167265 3.95097
0.5 0.167265 4.32511
0.545455 0.167265 3.86697
0.590909 0.167265 3.41957
0.636364 0.167265 1.71232
0.681818 0.167265 3.15354
0.727273 0.167265 3.83491
0.772727 0.167265 4.30526
0.818182 0.167265 3.23397
0.863636 0.167265 3.85916
0.909091 0.167265 4.25433
0.954545 0.167265 3.71903
1 0.167265 3.3082
0 0.171345 2.75388
0.0454545 0.171345 3.64762
0.0909091 0.171345 4.11434
0.136364 0.171345 4.19691
0.181818 0.171345 4.24713
0.227273 0.171345 4.22344
0.272727 0.171345 3.8061
0.318182 0.171345 3.7617
0.363636 0.171345 4.24447
0.409091 0.171345 3.86702
0.454545 0.171345 3.93099
0.5 0.171345 4.32511
0.545455 0.171345 3.86697
0.590909 0.171345 3.41957
0.636364 0.171345 1.71232
0.681818 0.171345 3.15354
0.727273 0.171345 3.83491
0.772727 0.171345 4.30526
0.818182 0.171345 3.23397
0.863636 0.171345 3.85916
0.909091 0.171345 4.25433
0.954545 0.171345 3.71903
1 0.171345 3.3082
0 0.175424 2.75388
0.0454545 0.175424 3.64762
0.0909091 0.175424 4.11434
0.136364 0.175424 4.19691
0.181818 0.175424 4.24713
0.227273 0.175424 4.22344
0.272727 0.175424 3.8061
0.318182 0.175424 3.7617
0.363636 0.175424 4.24447
0.409091 0.175424 3.86702
0.454545 0.175424 3.93099
0.5 0.175424 4.32511
0.545455 0.175424 3.86697
0.590909 0.175424 3.41957
0.636364 0.175424 1.71232
0.681818 0.175424 3.15354
0.727273 0.175424 3.83491
0.772727 0.175424 4.30526
0.818182 0.175424 3.23397
0.863636 0.175424 3.85916
0.909091 0.175424 4.25433
0.954545 0.175424 3.71903
1 0.175424 3.3082
0 0.179504 2.75388
0.0454545 0.179504 3.64762
0.0909091 0.179504 4.11434
0.136364 0.179504 4.19691
0.181818 0.179504 4.24713
0.227273 0.179504 3.76282
0.272727 0.179504 3.8061
0.318182 0.179504 3.7617
0.363636 0.179504 4.24447
0.409091 0.179504 3.86702
0.454545 0.179504 3.93099
0.5 0.179504 4.32511
0.545455 0.179504 3.86697
0.590909 0.179504 3.41957
0.636364 0.179504 1.71232
0.681818 0.179504 3.15354
0.727273 0.179504 3.83491
0.772727 0.179504 4.30526
0.818182 0.179504 3.23397
0.863636 0.179504 3.85916
0.909091 0.179504 4.25433
0.954545 0.179504 3.71903
1 0.179504 3.3082
0 0.183584 2.75388
0.0454545 0.183584 3.64762
0.0909091 0.183584 4.11434
0.136364 0.183584 4.19691
0.181818 0.183584 4.24713
0.227273 0.183584 3.76282
0.272727 0.183584 3.8061
0.318182 0.183584 3.7617
0.363636 0.183584 4.24447
0.409091 0.183584 3.86702
0.454545 0.183584 3.93099
0.5 0.183584 4.32511
0.545455 0.183584 3.86697
0.590909 0.183584 3.41957
0.636364 0.183584 1.71232
0.681818 0.183584 3.15354
0.727273 0.183584 3.83491
0.772727 0.183584 4.30526
0.818182 0.183584 3.23397
0.863636 0.183584 3.85916
0.909091 0.183584 4.25433
0.954545 0.183584 3.71903
1 0.183584 3.3082
0 0.187663 2.75388
0.0454545 0.187663 3.64762
0.0909091 0.187663 4.11434
0.136364 0.187663 4.19691
0.181818 0.187663 4.24713
0.227273 0.187663 3.76282
0.272727 0.187663 3.8061
0.318182 0.187663 3.7617
0.363636 0.187663 4.24447
0.409091 0.187663 3.86702
0.454545 0.187663 3.93099
0.5 0.187663 4.32511
0.545455 0.187663 3.86697
0.590909 0.187663 3.41957
0.636364 0.187663 1.71232
0.681818 0.187663 3.15354
0.727273 0.187663 3.83491
0.772727 0.187663 4.30526
0.818182 0.187663 3.23397
0.863636 0.187663 3.85916
0.909091 0.187663 4.25433
0.954545 0.187663 3.71903
1 0.187663 3.3082
0 0.191743 2.75388
0.0454545 0.191743 3.64762
0.0909091 0.191743 4.11434
0.136364 0.191743 4.19691
0.181818 0.191743 4.24713
0.227273 0.191743 3.76282
0.272727 0.191743 3.8061
0.318182 0.191743 3.7617
0.363636 0.191743 4.24447
0.409091 0.191743 3.86702
0.454545 0.191743 3.93099
0.5 0.191743 4.32511
0.545455 0.191743 3.86697
0.590909 0.191743 3.41957
0.636364 0.191743 1.71232
0.681818 0.191743 3.15354
0.727273 0.191743 3.83491
0.772727 0.191743 4.30526
0.818182 0.191743 3.23397
0.863636 0.191743 3.85916
0.909091 0.191743 4.25433
0.954545 0.191743 3.71903
1 0.191743 3.3082
0 0.195823 2.75388
0.0454545 0.195823 3.64762
0.0909091 0.195823 4.11434
0.136364 0.195823 4.19691
0.181818 0.195823 4.24713
0.227273 0.195823 3.76282
0.272727 0.195823 3.8061
0.318182 0.195823 3.7617
0.363636 0.195823 4.24447
0.409091 0.195823 3.85682
0.454545 0.195823 3.93099
0.5 0.195823 4.32511
0.545455 0.195823 3.86697
0.590909 0.195823 3.41957
0.636364 0.195823 1.71232
0.681818 0.195823 3.15354
0.727273 0.195823 3.83491
0.772727 0.195823 4.30526
0.818182 0.195823 3.23397
0.863636 0.195823 3.85916
0.909091 0.195823 4.25433
0.954545 0.195823 3.71903
1 0.195823 3.3082
0 0.199902 2.75388
0.0454545 0.199902 3.64762
0.0909091 0.199902 4.11434
0.136364 0.199902 4.19691
0.181818 0.199902 4.24713
0.227273 0.199902 3.76282
0.272727 0.199902 3.8061
0.318182 0.199902 3.74507
0.363636 0.199902 4.23121
0.409091 0.199902 3.85682
0.454545 0.199902 3.93099
0.5 0.199902 4.32511
0.545455 0.199902 3.86697
0.590909 0.199902 3.41957
0.636364 0.199902 1.71232
0.681818 0.199902 3.15354
0.727273 0.199902 3.83491
0.772727 0.199902 4.30526
0.818182 0.199902 3.23397
0.863636 0.199902 3.85916
0.909091 0.199902 4.25433
0.954545 0.199902 3.71903
1 0.199902 3.3082
0 0.203982 2.75388
0.0454545 0.203982 3.64762
0.0909091 0.203982 4.11434
0.136364 0.203982 4.19691
0.181818 0.203982 4.24713
0.227273 0.203982 3.76282
0.272727 0.203982 3.8061
0.318182 0.203982 3.74507
0.363636 0.203982 4.23121
0.409091 0.203982 3.85682
0.454545 0.203982 3.93099
0.5 0.203982 4.32511
0.545455 0.203982 3.86697
0.590909 0.203982 3.41957
0.636364 0.203982 1.71232
0.681818 0.203982 3.15354
0.727273 0.203982 3.83491
0.772727 0.203982 4.30526
0.818182 0.203982 3.23397
0.863636 0.203982 3.85916
0.909091 0.203982 4.25433
0.954545 0.203982 3.71903
1 0.203982 3.3082
0 0.208061 2.75388
0.0454545 0.208061 3.64762
0.0909091 0.208061 4.11434
0.136364 0.208061 4.19691
0.181818 0.208061 4.24713
0.227273 0.208061 3.76282
0.272727 0.208061 3.8061
0.318182 0.208061 3.74507
0.363636 0.208061 4.23121
0.409091 0.208061 3.85682
0.454545 0.208061 3.93099
0.5 0.208061 4.32511
0.545455 0.208061 3.86697
0.590909 0.208061 3.41957
0.636364 0.208061 1.71232
0.681818 0.208061 3.15354
0.727273 0.208061 3.83491
0.772727 0.208061 4.30526
0.818182 0.208061 3.23397
0.863636 0.208061 3.85916
0.909091 0.208061 4.25433
0.954545 0.208061 3.71903
1 0.208061 3.3082
0 0.212141 2.75388
0.0454545 0.212141 3.64762
0.0909091 0.212141 4.11434
0.136364 0.212141 4.19691
0.181818 0.212141 4.24713
0.227273 0.212141 3.76282
0.272727 0.212141 3.8061
0.318182 0.212141 3.74793
0.363636 0.212141 4.19657
0.409091 0.212141 3.85682
0.454545 0.212141 3.93099
0.5 0.212141 4.32511
0.545455 0.212141 3.86697
0.590909 0.212141 3.41957
0.636364 0.212141 1.71232
0.681818 0.212141 3.15354
0.727273 0.212141 3.83491
0.772727 0.212141 4.30526
0.818182 0.212141 3.23397
0.863636 0.212141 3.85916
0.909091 0.212141 4.25433
0.954545 0.212141 3.71903
1 0.212141 3.3082
0 0.216221 2.75388
0.0454545 0.216221 3.64762
0.0909091 0.216221 4.11434
0.136364 0.216221 4.19691
0.181818 0.216221 4.24713
0.227273 0.216221 3.76282
0.272727 0.216221 3.8061
0.318182 0.216221 3.74793
0.363636 0.216221 4.19657
0.409091 0.216221 3.85682
0.454545 0.216221 3.93099
0.5 0.216221 4.32511
0.545455 0.216221 3.86697
0.590909 0.216221 3.41957
0.636364 0.216221 1.71232
0.681818 0.216221 3.15354
0.727273 0.216221 3.83491
0.772727 0.216221 4.30526
0.818182 0.216221 3.23397
0.863636 0.216221 3.85916
0.909091 0.216221 4.25433
0.954545 0.216221 3.71903
1 0.216221 3.3082
0 0.2203 2.75388
0.0454545 0.2203 3.64762
0.0909091 0.2203 4.11434
0.136364 0.2203 4.19691
0.181818 0.2203 4.23078
0.227273 0.2203 3.76282
0.272727 0.2203 3.8061
0.318182 0.2203 3.73821
0.363636 0.2203 4.16311
0.409091 0.2203 3.84388
0.454545 0.2203 3.93099
0.5 0.2203 4.32511
0.545455 0.2203 3.86697
0.590909 0.2203 3.41957
0.636364 0.2203 1.71232
0.681818 0.2203 3.15354
0.727273 0.2203 3.83491
0.772727 0.2203 4.30526
0.818182 0.2203 3.23397
0.863636 0.2203 3.85916
0.909091 0.2203 4.25433
0.954545 0.2203 3.71903
1 0.2203 3.3082
0 0.22438 2.75388
0.0454545 0.22438 3.64762
0.0909091 0.22438 4.11434
0.136364 0.22438 4.19691
0.181818 0.22438 4.23078
0.227273 0.22438 3.76282
0.272727 0.22438 3.8061
0.318182 0.22438 3.73821
0.363636 0.22438 4.16311
0.409091 0.22438 3.84388
0.454545 0.22438 3.93099
0.5 0.22438 4.32511
0.545455 0.22438 3.86697
0.590909 0.22438 3.41957
0.636364 0.22438 1.71232
0.681818 0.22438 3.15354
0.727273 0.22438 3.83491
0.772727 0.22438 4.30526
0.818182 0.22438 3.23397
0.863636 0.22438 3.85916
0.909091 0.22438 4.25433
0.954545 0.22438 3.71903
1 0.22438 3.3082
0 0.22846 2.75388
0.0454545 0.22846 3.64762
0.0909091 0.22846 4.11434
0.136364 0.22846 4.19691
0.181818 0.22846 4.23078
0.227273 0.22846 3.76282
0.272727 0.22846 3.8061
0.318182 0.22846 3.73821
0.363636 0.22846 4.16311
0.409091 0.22846 3.84388
0.454545 0.22846 3.93099
0.5 0.22846 4.32511
0.545455 0.22846 3.86697
0.590909 0.22846 3.41957
0.636364 0.22846 1.71232
0.681818 0.22846 3.15354
0.727273 0.22846 3.83491
0.772727 0.22846 4.30526
0.818182 0.22846 3.23397
0.863636 0.22846 3.85916
0.909091 0.22846 4.25433
0.954545 0.22846 3.71903
1 0.22846 3.3082
0 0.232539 2.75388
0.0454545 0.232539 3.64762
0.0909091 0.232539 4.11434
0.136364 0.232539 4.19691
0.181818 0.232539 4.23078
0.227273 0.232539 3.76282
0.272727 0.232539 3.8061
0.318182 0.232539 3.73821
0.363636 0.232539 4.16311
0.409091 0.232539 3.84388
0.454545 0.232539 3.93099
0.5 0.232539 4.32511
0.545455 0.232539 3.86697
0.590909 0.232539 3.41957
0.636364 0.232539 1.71232
0.681818 0.232539 3.15354
0.727273 0.232539 3.83491
0.772727 0.232539 4.30526
0.818182 0.232539 3.23397
0.863636 0.232539 3.85916
0.909091 0.232539 4.25433
0.954545 0.232539 3.71903
1 0.232539 3.3082
0 0.236619 2.75388
0.0454545 0.236619 3.64762
0.0909091 0.236619 4.11434
0.136364 0.236619 4.19691
0.181818 0.236619 4.23078
0.227273 0.236619 3.76282
0.272727 0.236619 3.77424
0.318182 0.236619 3.73821
0.363636 0.236619 4.16311
0.409091 0.236619 3.84388
0.454545 0.236619 3.93099
0.5 0.236619 4.32511
0.545455 0.236619 3.86697
0.590909 0.236619 3.41957
0.636364 0.236619 1.71232
0.681818 0.236619 3.15354
0.727273 0.236619 3.83491
0.772727 0.236619 4.30526
0.818182 0.236619 3.23397
0.863636 0.236619 3.85916
0.909091 0.236619 4.25433
0.954545 0.236619 3.71903
1 0.236619 3.3082
0 0.240699 2.75388
0.0454545 0.240699 3.64762
0.0909091 0.240699 4.11434
0.136364 0.240699 4.19691
0.181818 0.240699 4.23078
0.227273 0.240699 3.76282
0.272727 0.240699 3.77328
0.318182 0.240699 3.73821
0.363636 0.240699 4.15419
0.409091 0.240699 3.84388
0.454545 0.240699 3.93099
0.5 0.240699 4.32511
0.545455 0.240699 3.86697
0.590909 0.240699 3.41957
0.636364 0.240699 1.71232
0.681818 0.240699 3.15354
0.727273 0.240699 3.83491
0.772727 0.240699 4.30526
0.818182 0.240699 3.23397
0.863636 0.240699 3.85916
0.909091 0.240699 4.25433
0.954545 0.240699 3.71903
1 0.240699 3.3082
0 0.244778 2.75388
0.0454545 0.244778 3.64762
0.0909091 0.244778 4.11434
0.136364 0.244778 4.19691
0.181818 0.244778 4.23078
0.227273 0.244778 3.76282
0.272727 0.244778 3.77328
0.318182 0.244778 3.73821
0.363636 0.244778 4.15419
0.409091 0.244778 3.84388
0.454545 0.244778 3.93099
0.5 0.244778 4.32511
0.545455 0.244778 3.86697
0.590909 0.244778 3.41957
0.636364 0.244778 1.71232
0.681818 0.244778 3.15354
0.727273 0.244778 3.83491
0.772727 0.244778 4.30526
0.818182 0.244778 3.23397
0.863636 0.244778 3.85916
0.909091 0.244778 4.25433
0.954545 0.244778 3.71903
1 0.244778 3.3082

