0.75	2.05072
0.775	2.05072
0.8	2.05072
0.825	2.05072
0.85	2.05072
0.875	2.05072
0.9	2.05072
0.925	2.05072
0.95	2.05072
0.975	2.05072
1	2.05072
1.025	2.05072
1.05	2.05072
1.075	2.05072
1.1	2.05072
1.125	2.05072
1.15	2.05072
1.175	2.05072
1.2	2.05072
1.225	2.05072
1.25	2.05072
1.275	2.05072
1.3	2.05072
1.325	2.05072
1.35	2.05072
1.375	2.05072
1.4	2.05029
1.425	2.05029
1.45	2.05029
1.475	2.05029
1.5	2.05008


Utilized scores
2.05008
2.05029
2.05029
2.05029
2.05029
2.05072
2.05072
2.05072
2.05072
2.05072
2.05072
2.05072
2.05072
2.05072
2.05072
2.05072
2.05072
2.05072
2.05072
2.05072
2.05072
2.05072
2.05072
2.05072
2.05072
2.05072
2.05072
2.05072
2.05072
2.05072
2.05072
----------------------------------------
Final Score: 2.05065