0.75	2.06911
0.775	2.06941
0.8	2.05989
0.825	2.03918
0.85	2.03665
0.875	2.03665
0.9	2.03509
0.925	2.02846
0.95	2.02641
0.975	2.02536
1	2.02523
1.025	2.02263
1.05	2.01873
1.075	2.01502
1.1	2.01502
1.125	2.01387
1.15	2.00772
1.175	1.98235
1.2	1.9811
1.225	1.97825
1.25	1.97514
1.275	1.97314
1.3	1.96698
1.325	1.96698
1.35	1.9675
1.375	1.95854
1.4	1.94795
1.425	1.93925
1.45	1.92745
1.475	1.92325
1.5	1.91221


Utilized scores
1.91221
1.92325
1.92745
1.93925
1.94795
1.95854
1.96698
1.96698
1.9675
1.97314
1.97514
1.97825
1.9811
1.98235
2.00772
2.01387
2.01502
2.01502
2.01873
2.02263
2.02523
2.02536
2.02641
2.02846
2.03509
2.03665
2.03665
2.03918
2.05989
2.06911
2.06941
----------------------------------------
Final Score: 1.99821