0.75	2.13709
0.775	2.13709
0.8	2.13709
0.825	2.13709
0.85	2.13709
0.875	2.13709
0.9	2.13709
0.925	2.13709
0.95	2.13709
0.975	2.13709
1	2.13709
1.025	2.13709
1.05	2.13709
1.075	2.13709
1.1	2.13709
1.125	2.13709
1.15	2.13709
1.175	2.13709
1.2	2.13709
1.225	2.13709
1.25	2.13709
1.275	2.13709
1.3	2.13709
1.325	2.13709
1.35	2.13709
1.375	2.13709
1.4	2.13709
1.425	2.13709
1.45	2.13709
1.475	2.13709
1.5	2.13709


Utilized scores
2.13709
2.13709
2.13709
2.13709
2.13709
2.13709
2.13709
2.13709
2.13709
2.13709
2.13709
2.13709
2.13709
2.13709
2.13709
2.13709
2.13709
2.13709
2.13709
2.13709
2.13709
2.13709
2.13709
2.13709
2.13709
2.13709
2.13709
2.13709
2.13709
2.13709
2.13709
----------------------------------------
Final Score: 2.13709