0 0.137383 2.62639
0.2 0.137383 3.69681
0.4 0.137383 4.23848
0.6 0.137383 4.18477
0.8 0.137383 3.56688
1 0.137383 3.36356
0 0.141962 2.62639
0.2 0.141962 3.69681
0.4 0.141962 4.23848
0.6 0.141962 4.18477
0.8 0.141962 3.56688
1 0.141962 3.36356
0 0.146542 2.62639
0.2 0.146542 3.69681
0.4 0.146542 4.23848
0.6 0.146542 4.18477
0.8 0.146542 3.56688
1 0.146542 3.36356
0 0.151121 2.62639
0.2 0.151121 3.69681
0.4 0.151121 4.23848
0.6 0.151121 4.18477
0.8 0.151121 3.56688
1 0.151121 3.36356
0 0.155701 2.62639
0.2 0.155701 3.69681
0.4 0.155701 4.23848
0.6 0.155701 4.18477
0.8 0.155701 3.56688
1 0.155701 3.36356
0 0.16028 2.62639
0.2 0.16028 3.69681
0.4 0.16028 4.23848
0.6 0.16028 4.18477
0.8 0.16028 3.56688
1 0.16028 3.36356
0 0.164859 2.62639
0.2 0.164859 3.69681
0.4 0.164859 4.23848
0.6 0.164859 4.18477
0.8 0.164859 3.56688
1 0.164859 3.36356
0 0.169439 2.62639
0.2 0.169439 3.69681
0.4 0.169439 4.23848
0.6 0.169439 4.18477
0.8 0.169439 3.56688
1 0.169439 3.36356
0 0.174018 2.62639
0.2 0.174018 3.69681
0.4 0.174018 4.23848
0.6 0.174018 4.18477
0.8 0.174018 3.56688
1 0.174018 3.36356
0 0.178598 2.62639
0.2 0.178598 3.69681
0.4 0.178598 4.23848
0.6 0.178598 4.18477
0.8 0.178598 3.56688
1 0.178598 3.36356
0 0.183177 2.62639
0.2 0.183177 3.69681
0.4 0.183177 4.23848
0.6 0.183177 4.18477
0.8 0.183177 3.56688
1 0.183177 3.36356
0 0.187757 2.62639
0.2 0.187757 3.69681
0.4 0.187757 4.23848
0.6 0.187757 4.18477
0.8 0.187757 3.56688
1 0.187757 3.36356
0 0.192336 2.62639
0.2 0.192336 3.69681
0.4 0.192336 4.23848
0.6 0.192336 4.18477
0.8 0.192336 3.56688
1 0.192336 3.34453
0 0.196915 2.62639
0.2 0.196915 3.69681
0.4 0.196915 4.23848
0.6 0.196915 4.18477
0.8 0.196915 3.56688
1 0.196915 3.27924
0 0.201495 2.62639
0.2 0.201495 3.69681
0.4 0.201495 4.23848
0.6 0.201495 4.18477
0.8 0.201495 3.56688
1 0.201495 3.27924
0 0.206074 2.62639
0.2 0.206074 3.69681
0.4 0.206074 4.23848
0.6 0.206074 4.18477
0.8 0.206074 3.54782
1 0.206074 3.27924
0 0.210654 2.62639
0.2 0.210654 3.69681
0.4 0.210654 4.23848
0.6 0.210654 4.18477
0.8 0.210654 3.54782
1 0.210654 3.27924
0 0.215233 2.62639
0.2 0.215233 3.69681
0.4 0.215233 4.23848
0.6 0.215233 4.18477
0.8 0.215233 3.54782
1 0.215233 3.27924
0 0.219813 2.62639
0.2 0.219813 3.69681
0.4 0.219813 4.23848
0.6 0.219813 4.18477
0.8 0.219813 3.54782
1 0.219813 3.27924
0 0.224392 2.62639
0.2 0.224392 3.69681
0.4 0.224392 4.23848
0.6 0.224392 4.18477
0.8 0.224392 3.54782
1 0.224392 3.27924
0 0.228971 2.62639
0.2 0.228971 3.69681
0.4 0.228971 4.23848
0.6 0.228971 4.13126
0.8 0.228971 3.54782
1 0.228971 3.27924
0 0.233551 2.62639
0.2 0.233551 3.69681
0.4 0.233551 4.23848
0.6 0.233551 4.13126
0.8 0.233551 3.54782
1 0.233551 3.27924
0 0.23813 2.62639
0.2 0.23813 3.69681
0.4 0.23813 4.23848
0.6 0.23813 4.13126
0.8 0.23813 3.54782
1 0.23813 3.27924
0 0.24271 2.62639
0.2 0.24271 3.69681
0.4 0.24271 4.23848
0.6 0.24271 4.13126
0.8 0.24271 3.54782
1 0.24271 3.27924
0 0.247289 2.62639
0.2 0.247289 3.69681
0.4 0.247289 4.23848
0.6 0.247289 4.13126
0.8 0.247289 3.54782
1 0.247289 3.27924
0 0.251869 2.62639
0.2 0.251869 3.69681
0.4 0.251869 4.23848
0.6 0.251869 4.13126
0.8 0.251869 3.51968
1 0.251869 3.27924
0 0.256448 2.62639
0.2 0.256448 3.69681
0.4 0.256448 4.23848
0.6 0.256448 4.13126
0.8 0.256448 3.51968
1 0.256448 3.25935
0 0.261027 2.62639
0.2 0.261027 3.69681
0.4 0.261027 4.23848
0.6 0.261027 4.13126
0.8 0.261027 3.51968
1 0.261027 3.25935
0 0.265607 2.62639
0.2 0.265607 3.69681
0.4 0.265607 4.23848
0.6 0.265607 4.13126
0.8 0.265607 3.51968
1 0.265607 3.24379
0 0.270186 2.62639
0.2 0.270186 3.69681
0.4 0.270186 4.23848
0.6 0.270186 4.13126
0.8 0.270186 3.51968
1 0.270186 3.24379
0 0.274766 2.62639
0.2 0.274766 3.69681
0.4 0.274766 4.23848
0.6 0.274766 4.09772
0.8 0.274766 3.50205
1 0.274766 3.24379

