0 0.122112 3.05407
0.0714286 0.122112 3.49653
0.142857 0.122112 4.25778
0.214286 0.122112 4.22864
0.285714 0.122112 3.78248
0.357143 0.122112 3.81944
0.428571 0.122112 3.83366
0.5 0.122112 3.88665
0.571429 0.122112 4.17479
0.642857 0.122112 3.77367
0.714286 0.122112 3.21305
0.785714 0.122112 3.79396
0.857143 0.122112 4.22771
0.928571 0.122112 3.45653
1 0.122112 3.11044
0 0.126183 3.05407
0.0714286 0.126183 3.49653
0.142857 0.126183 4.25778
0.214286 0.126183 4.22864
0.285714 0.126183 3.78248
0.357143 0.126183 3.81944
0.428571 0.126183 3.83366
0.5 0.126183 3.88665
0.571429 0.126183 4.17479
0.642857 0.126183 3.77367
0.714286 0.126183 3.21305
0.785714 0.126183 3.79396
0.857143 0.126183 4.22771
0.928571 0.126183 3.45653
1 0.126183 3.11044
0 0.130253 3.05407
0.0714286 0.130253 3.49653
0.142857 0.130253 4.25778
0.214286 0.130253 4.22864
0.285714 0.130253 3.78248
0.357143 0.130253 3.81944
0.428571 0.130253 3.83366
0.5 0.130253 3.88665
0.571429 0.130253 4.17479
0.642857 0.130253 3.77367
0.714286 0.130253 3.21305
0.785714 0.130253 3.79396
0.857143 0.130253 4.22771
0.928571 0.130253 3.45653
1 0.130253 3.11044
0 0.134323 3.05407
0.0714286 0.134323 3.49653
0.142857 0.134323 4.25778
0.214286 0.134323 4.22864
0.285714 0.134323 3.78248
0.357143 0.134323 3.81944
0.428571 0.134323 3.83366
0.5 0.134323 3.88665
0.571429 0.134323 4.17479
0.642857 0.134323 3.77367
0.714286 0.134323 3.21305
0.785714 0.134323 3.79396
0.857143 0.134323 4.22771
0.928571 0.134323 3.45653
1 0.134323 3.11044
0 0.138394 3.05407
0.0714286 0.138394 3.49653
0.142857 0.138394 4.25778
0.214286 0.138394 4.22864
0.285714 0.138394 3.78248
0.357143 0.138394 3.81944
0.428571 0.138394 3.83366
0.5 0.138394 3.88665
0.571429 0.138394 4.17479
0.642857 0.138394 3.77367
0.714286 0.138394 3.21305
0.785714 0.138394 3.79396
0.857143 0.138394 4.22771
0.928571 0.138394 3.45653
1 0.138394 3.11044
0 0.142464 3.05407
0.0714286 0.142464 3.49653
0.142857 0.142464 4.25778
0.214286 0.142464 4.22864
0.285714 0.142464 3.78248
0.357143 0.142464 3.81944
0.428571 0.142464 3.83366
0.5 0.142464 3.88665
0.571429 0.142464 4.17479
0.642857 0.142464 3.77367
0.714286 0.142464 3.21305
0.785714 0.142464 3.79396
0.857143 0.142464 4.22771
0.928571 0.142464 3.45653
1 0.142464 3.11044
0 0.146535 3.05407
0.0714286 0.146535 3.49653
0.142857 0.146535 4.25778
0.214286 0.146535 4.22864
0.285714 0.146535 3.78248
0.357143 0.146535 3.81944
0.428571 0.146535 3.83366
0.5 0.146535 3.88665
0.571429 0.146535 4.17479
0.642857 0.146535 3.77367
0.714286 0.146535 3.21305
0.785714 0.146535 3.79396
0.857143 0.146535 4.22771
0.928571 0.146535 3.45653
1 0.146535 3.11044
0 0.150605 3.01837
0.0714286 0.150605 3.49653
0.142857 0.150605 4.25778
0.214286 0.150605 4.22864
0.285714 0.150605 3.78248
0.357143 0.150605 3.81944
0.428571 0.150605 3.83366
0.5 0.150605 3.88665
0.571429 0.150605 4.17479
0.642857 0.150605 3.77367
0.714286 0.150605 3.21305
0.785714 0.150605 3.79396
0.857143 0.150605 4.22771
0.928571 0.150605 3.45653
1 0.150605 3.11044
0 0.154676 3.01837
0.0714286 0.154676 3.49653
0.142857 0.154676 4.25778
0.214286 0.154676 4.22864
0.285714 0.154676 3.78248
0.357143 0.154676 3.81944
0.428571 0.154676 3.83366
0.5 0.154676 3.88665
0.571429 0.154676 4.17479
0.642857 0.154676 3.77367
0.714286 0.154676 3.21305
0.785714 0.154676 3.79396
0.857143 0.154676 4.22771
0.928571 0.154676 3.45653
1 0.154676 3.11044
0 0.158746 3.01837
0.0714286 0.158746 3.49653
0.142857 0.158746 4.25778
0.214286 0.158746 4.22864
0.285714 0.158746 3.78248
0.357143 0.158746 3.81944
0.428571 0.158746 3.83366
0.5 0.158746 3.88665
0.571429 0.158746 4.17479
0.642857 0.158746 3.77367
0.714286 0.158746 3.21305
0.785714 0.158746 3.79396
0.857143 0.158746 4.22771
0.928571 0.158746 3.45653
1 0.158746 3.11044
0 0.162816 3.01837
0.0714286 0.162816 3.49653
0.142857 0.162816 4.25778
0.214286 0.162816 4.22864
0.285714 0.162816 3.78248
0.357143 0.162816 3.81944
0.428571 0.162816 3.83366
0.5 0.162816 3.88665
0.571429 0.162816 4.17479
0.642857 0.162816 3.77367
0.714286 0.162816 3.21305
0.785714 0.162816 3.79396
0.857143 0.162816 4.22771
0.928571 0.162816 3.45653
1 0.162816 3.11044

