0.75	2.06735
0.775	2.06735
0.8	2.06735
0.825	2.06735
0.85	2.06735
0.875	2.06735
0.9	2.06735
0.925	2.06735
0.95	2.06735
0.975	2.06735
1	2.06735
1.025	2.06735
1.05	2.06735
1.075	2.06735
1.1	2.06735
1.125	2.06735
1.15	2.06735
1.175	2.06735
1.2	2.06735
1.225	2.06735
1.25	2.06735
1.275	2.06735
1.3	2.06735
1.325	2.06735
1.35	2.06735
1.375	2.06735
1.4	2.06735
1.425	2.06735
1.45	2.06735
1.475	2.06735
1.5	2.06735


Utilized scores
2.06735
2.06735
2.06735
2.06735
2.06735
2.06735
2.06735
2.06735
2.06735
2.06735
2.06735
2.06735
2.06735
2.06735
2.06735
2.06735
2.06735
2.06735
2.06735
2.06735
2.06735
2.06735
2.06735
2.06735
2.06735
2.06735
2.06735
2.06735
2.06735
2.06735
2.06735
----------------------------------------
Final Score: 2.06735