0 0.106359 3.05401
0.0833333 0.106359 3.76689
0.166667 0.106359 4.19027
0.25 0.106359 4.27432
0.333333 0.106359 4.2511
0.416667 0.106359 4.24087
0.5 0.106359 3.94137
0.583333 0.106359 3.85346
0.666667 0.106359 4.18006
0.75 0.106359 3.83663
0.833333 0.106359 3.803
0.916667 0.106359 4.20703
1 0.106359 3.50734
0 0.109905 3.05401
0.0833333 0.109905 3.76689
0.166667 0.109905 4.19027
0.25 0.109905 4.27432
0.333333 0.109905 4.2511
0.416667 0.109905 4.24087
0.5 0.109905 3.94137
0.583333 0.109905 3.85346
0.666667 0.109905 4.18006
0.75 0.109905 3.83663
0.833333 0.109905 3.803
0.916667 0.109905 4.20703
1 0.109905 3.50734
0 0.11345 3.05401
0.0833333 0.11345 3.76689
0.166667 0.11345 4.19027
0.25 0.11345 4.27432
0.333333 0.11345 4.2511
0.416667 0.11345 4.24087
0.5 0.11345 3.94137
0.583333 0.11345 3.85346
0.666667 0.11345 4.18006
0.75 0.11345 3.83663
0.833333 0.11345 3.803
0.916667 0.11345 4.20703
1 0.11345 3.50734
0 0.116995 3.05401
0.0833333 0.116995 3.76689
0.166667 0.116995 4.19027
0.25 0.116995 4.27432
0.333333 0.116995 4.2511
0.416667 0.116995 4.24087
0.5 0.116995 3.94137
0.583333 0.116995 3.85346
0.666667 0.116995 4.18006
0.75 0.116995 3.83663
0.833333 0.116995 3.803
0.916667 0.116995 4.20703
1 0.116995 3.50734
0 0.120541 3.05401
0.0833333 0.120541 3.76689
0.166667 0.120541 4.19027
0.25 0.120541 4.27432
0.333333 0.120541 4.2511
0.416667 0.120541 4.24087
0.5 0.120541 3.94137
0.583333 0.120541 3.85346
0.666667 0.120541 4.18006
0.75 0.120541 3.83663
0.833333 0.120541 3.803
0.916667 0.120541 4.20703
1 0.120541 3.50734
0 0.124086 3.05401
0.0833333 0.124086 3.76689
0.166667 0.124086 4.19027
0.25 0.124086 4.27432
0.333333 0.124086 4.2511
0.416667 0.124086 4.24087
0.5 0.124086 3.94137
0.583333 0.124086 3.85346
0.666667 0.124086 4.18006
0.75 0.124086 3.83663
0.833333 0.124086 3.803
0.916667 0.124086 4.20703
1 0.124086 3.50734
0 0.127631 3.05401
0.0833333 0.127631 3.76689
0.166667 0.127631 4.19027
0.25 0.127631 4.27432
0.333333 0.127631 4.2511
0.416667 0.127631 4.24087
0.5 0.127631 3.94137
0.583333 0.127631 3.85346
0.666667 0.127631 4.18006
0.75 0.127631 3.83663
0.833333 0.127631 3.803
0.916667 0.127631 4.20703
1 0.127631 3.50734
0 0.131177 3.05401
0.0833333 0.131177 3.76689
0.166667 0.131177 4.19027
0.25 0.131177 4.27432
0.333333 0.131177 4.2511
0.416667 0.131177 4.24087
0.5 0.131177 3.94137
0.583333 0.131177 3.85346
0.666667 0.131177 4.18006
0.75 0.131177 3.83663
0.833333 0.131177 3.803
0.916667 0.131177 4.20703
1 0.131177 3.50734
0 0.134722 3.05401
0.0833333 0.134722 3.76689
0.166667 0.134722 4.19027
0.25 0.134722 4.27432
0.333333 0.134722 4.2511
0.416667 0.134722 4.24087
0.5 0.134722 3.94137
0.583333 0.134722 3.85346
0.666667 0.134722 4.18006
0.75 0.134722 3.83663
0.833333 0.134722 3.803
0.916667 0.134722 4.20703
1 0.134722 3.50734
0 0.138267 3.05401
0.0833333 0.138267 3.76689
0.166667 0.138267 4.19027
0.25 0.138267 4.27432
0.333333 0.138267 4.2511
0.416667 0.138267 4.24087
0.5 0.138267 3.94137
0.583333 0.138267 3.85346
0.666667 0.138267 4.18006
0.75 0.138267 3.83663
0.833333 0.138267 3.803
0.916667 0.138267 4.20703
1 0.138267 3.50734
0 0.141813 3.05401
0.0833333 0.141813 3.76689
0.166667 0.141813 4.19027
0.25 0.141813 4.27432
0.333333 0.141813 4.2511
0.416667 0.141813 4.24087
0.5 0.141813 3.94137
0.583333 0.141813 3.85346
0.666667 0.141813 4.18006
0.75 0.141813 3.83663
0.833333 0.141813 3.803
0.916667 0.141813 4.20703
1 0.141813 3.50734
0 0.145358 3.05401
0.0833333 0.145358 3.76689
0.166667 0.145358 4.19027
0.25 0.145358 4.27432
0.333333 0.145358 4.2511
0.416667 0.145358 4.24087
0.5 0.145358 3.94137
0.583333 0.145358 3.85346
0.666667 0.145358 4.18006
0.75 0.145358 3.83663
0.833333 0.145358 3.803
0.916667 0.145358 4.20703
1 0.145358 3.50734
0 0.148903 3.05401
0.0833333 0.148903 3.76689
0.166667 0.148903 4.19027
0.25 0.148903 4.27432
0.333333 0.148903 4.2511
0.416667 0.148903 4.24087
0.5 0.148903 3.94137
0.583333 0.148903 3.85346
0.666667 0.148903 4.18006
0.75 0.148903 3.83663
0.833333 0.148903 3.803
0.916667 0.148903 4.20703
1 0.148903 3.50734
0 0.152449 3.05401
0.0833333 0.152449 3.76689
0.166667 0.152449 4.19027
0.25 0.152449 4.27432
0.333333 0.152449 4.2511
0.416667 0.152449 4.24087
0.5 0.152449 3.94137
0.583333 0.152449 3.85346
0.666667 0.152449 4.18006
0.75 0.152449 3.83663
0.833333 0.152449 3.803
0.916667 0.152449 4.20703
1 0.152449 3.50734
0 0.155994 3.05401
0.0833333 0.155994 3.76689
0.166667 0.155994 4.19027
0.25 0.155994 4.27432
0.333333 0.155994 4.2511
0.416667 0.155994 4.24087
0.5 0.155994 3.94137
0.583333 0.155994 3.85346
0.666667 0.155994 4.18006
0.75 0.155994 3.83663
0.833333 0.155994 3.803
0.916667 0.155994 4.20703
1 0.155994 3.50734
0 0.159539 3.05401
0.0833333 0.159539 3.76689
0.166667 0.159539 4.19027
0.25 0.159539 4.27432
0.333333 0.159539 4.2511
0.416667 0.159539 4.24087
0.5 0.159539 3.94137
0.583333 0.159539 3.85346
0.666667 0.159539 4.18006
0.75 0.159539 3.83663
0.833333 0.159539 3.803
0.916667 0.159539 4.20703
1 0.159539 3.50734
0 0.163084 3.05401
0.0833333 0.163084 3.76689
0.166667 0.163084 4.19027
0.25 0.163084 4.27432
0.333333 0.163084 4.2511
0.416667 0.163084 4.24087
0.5 0.163084 3.94137
0.583333 0.163084 3.85346
0.666667 0.163084 4.18006
0.75 0.163084 3.83663
0.833333 0.163084 3.803
0.916667 0.163084 4.20703
1 0.163084 3.50734
0 0.16663 3.05401
0.0833333 0.16663 3.76689
0.166667 0.16663 4.19027
0.25 0.16663 4.27432
0.333333 0.16663 4.2511
0.416667 0.16663 4.24087
0.5 0.16663 3.94137
0.583333 0.16663 3.85346
0.666667 0.16663 4.18006
0.75 0.16663 3.83663
0.833333 0.16663 3.803
0.916667 0.16663 4.20703
1 0.16663 3.50734
0 0.170175 3.05401
0.0833333 0.170175 3.76689
0.166667 0.170175 4.19027
0.25 0.170175 4.27432
0.333333 0.170175 4.2511
0.416667 0.170175 4.24087
0.5 0.170175 3.94137
0.583333 0.170175 3.85346
0.666667 0.170175 4.18006
0.75 0.170175 3.83663
0.833333 0.170175 3.803
0.916667 0.170175 4.20703
1 0.170175 3.50734
0 0.17372 3.05401
0.0833333 0.17372 3.76689
0.166667 0.17372 4.19027
0.25 0.17372 4.27432
0.333333 0.17372 4.2511
0.416667 0.17372 4.24087
0.5 0.17372 3.94137
0.583333 0.17372 3.85346
0.666667 0.17372 4.18006
0.75 0.17372 3.83663
0.833333 0.17372 3.803
0.916667 0.17372 4.20703
1 0.17372 3.50734
0 0.177266 3.05401
0.0833333 0.177266 3.76689
0.166667 0.177266 4.19027
0.25 0.177266 4.27432
0.333333 0.177266 4.2511
0.416667 0.177266 4.24087
0.5 0.177266 3.94137
0.583333 0.177266 3.85346
0.666667 0.177266 4.18006
0.75 0.177266 3.83663
0.833333 0.177266 3.803
0.916667 0.177266 4.20703
1 0.177266 3.50734
0 0.180811 3.05401
0.0833333 0.180811 3.76689
0.166667 0.180811 4.19027
0.25 0.180811 4.27432
0.333333 0.180811 4.2511
0.416667 0.180811 4.24087
0.5 0.180811 3.94137
0.583333 0.180811 3.85346
0.666667 0.180811 4.18006
0.75 0.180811 3.83663
0.833333 0.180811 3.803
0.916667 0.180811 4.20703
1 0.180811 3.50734
0 0.184356 3.05401
0.0833333 0.184356 3.76689
0.166667 0.184356 4.19027
0.25 0.184356 4.27432
0.333333 0.184356 4.2511
0.416667 0.184356 4.24087
0.5 0.184356 3.94137
0.583333 0.184356 3.85346
0.666667 0.184356 4.18006
0.75 0.184356 3.83663
0.833333 0.184356 3.803
0.916667 0.184356 4.20703
1 0.184356 3.50734
0 0.187902 3.05401
0.0833333 0.187902 3.76689
0.166667 0.187902 4.19027
0.25 0.187902 4.27432
0.333333 0.187902 4.2511
0.416667 0.187902 4.24087
0.5 0.187902 3.94137
0.583333 0.187902 3.85346
0.666667 0.187902 4.18006
0.75 0.187902 3.83663
0.833333 0.187902 3.803
0.916667 0.187902 4.20703
1 0.187902 3.50734
0 0.191447 3.05401
0.0833333 0.191447 3.76689
0.166667 0.191447 4.19027
0.25 0.191447 4.27432
0.333333 0.191447 4.2511
0.416667 0.191447 4.24087
0.5 0.191447 3.94137
0.583333 0.191447 3.85346
0.666667 0.191447 4.18006
0.75 0.191447 3.83663
0.833333 0.191447 3.803
0.916667 0.191447 4.20703
1 0.191447 3.50734
0 0.194992 3.05401
0.0833333 0.194992 3.76689
0.166667 0.194992 4.19027
0.25 0.194992 4.27432
0.333333 0.194992 4.2511
0.416667 0.194992 4.24087
0.5 0.194992 3.94137
0.583333 0.194992 3.85346
0.666667 0.194992 4.18006
0.75 0.194992 3.83663
0.833333 0.194992 3.803
0.916667 0.194992 4.20703
1 0.194992 3.50734
0 0.198538 3.05401
0.0833333 0.198538 3.76689
0.166667 0.198538 4.19027
0.25 0.198538 4.27432
0.333333 0.198538 4.2511
0.416667 0.198538 4.24087
0.5 0.198538 3.94137
0.583333 0.198538 3.85346
0.666667 0.198538 4.18006
0.75 0.198538 3.83663
0.833333 0.198538 3.803
0.916667 0.198538 4.20703
1 0.198538 3.50734
0 0.202083 3.05401
0.0833333 0.202083 3.76689
0.166667 0.202083 4.19027
0.25 0.202083 4.27432
0.333333 0.202083 4.2511
0.416667 0.202083 4.24087
0.5 0.202083 3.94137
0.583333 0.202083 3.85346
0.666667 0.202083 4.18006
0.75 0.202083 3.83663
0.833333 0.202083 3.803
0.916667 0.202083 4.20703
1 0.202083 3.50734
0 0.205628 3.05401
0.0833333 0.205628 3.76689
0.166667 0.205628 4.19027
0.25 0.205628 4.27432
0.333333 0.205628 4.2511
0.416667 0.205628 4.24087
0.5 0.205628 3.94137
0.583333 0.205628 3.85346
0.666667 0.205628 4.18006
0.75 0.205628 3.83663
0.833333 0.205628 3.803
0.916667 0.205628 4.20703
1 0.205628 3.50734
0 0.209174 3.05401
0.0833333 0.209174 3.76689
0.166667 0.209174 4.19027
0.25 0.209174 4.27432
0.333333 0.209174 4.2511
0.416667 0.209174 4.24087
0.5 0.209174 3.94137
0.583333 0.209174 3.85346
0.666667 0.209174 4.18006
0.75 0.209174 3.83663
0.833333 0.209174 3.803
0.916667 0.209174 4.20703
1 0.209174 3.50734
0 0.212719 3.05401
0.0833333 0.212719 3.76689
0.166667 0.212719 4.19027
0.25 0.212719 4.27432
0.333333 0.212719 4.2511
0.416667 0.212719 4.24087
0.5 0.212719 3.94137
0.583333 0.212719 3.85346
0.666667 0.212719 4.18006
0.75 0.212719 3.83663
0.833333 0.212719 3.803
0.916667 0.212719 4.20703
1 0.212719 3.50734

