0 0.119859 3.0559
0.125 0.119859 3.74281
0.25 0.119859 4.26473
0.375 0.119859 4.10377
0.5 0.119859 3.8839
0.625 0.119859 4.11585
0.75 0.119859 3.52064
0.875 0.119859 3.23408
1 0.119859 3.25069
0 0.123854 3.0559
0.125 0.123854 3.74281
0.25 0.123854 4.26473
0.375 0.123854 4.10377
0.5 0.123854 3.8839
0.625 0.123854 4.11585
0.75 0.123854 3.52064
0.875 0.123854 3.23408
1 0.123854 3.25069
0 0.127849 3.0559
0.125 0.127849 3.74281
0.25 0.127849 4.26473
0.375 0.127849 4.10377
0.5 0.127849 3.8839
0.625 0.127849 4.11585
0.75 0.127849 3.52064
0.875 0.127849 3.23408
1 0.127849 3.25069
0 0.131844 3.0559
0.125 0.131844 3.74281
0.25 0.131844 4.26473
0.375 0.131844 4.10377
0.5 0.131844 3.8839
0.625 0.131844 4.11585
0.75 0.131844 3.52064
0.875 0.131844 3.23408
1 0.131844 3.25069
0 0.13584 3.0559
0.125 0.13584 3.74281
0.25 0.13584 4.26473
0.375 0.13584 4.10377
0.5 0.13584 3.8839
0.625 0.13584 4.11585
0.75 0.13584 3.52064
0.875 0.13584 3.23408
1 0.13584 3.25069
0 0.139835 3.0559
0.125 0.139835 3.74281
0.25 0.139835 4.26473
0.375 0.139835 4.10377
0.5 0.139835 3.8839
0.625 0.139835 4.11585
0.75 0.139835 3.52064
0.875 0.139835 3.23408
1 0.139835 3.25069
0 0.14383 3.0559
0.125 0.14383 3.74281
0.25 0.14383 4.26473
0.375 0.14383 4.10377
0.5 0.14383 3.8839
0.625 0.14383 4.11585
0.75 0.14383 3.52064
0.875 0.14383 3.23408
1 0.14383 3.25069
0 0.147826 3.0559
0.125 0.147826 3.74281
0.25 0.147826 4.26473
0.375 0.147826 4.10377
0.5 0.147826 3.8839
0.625 0.147826 4.11585
0.75 0.147826 3.52064
0.875 0.147826 3.23408
1 0.147826 3.25069
0 0.151821 3.0559
0.125 0.151821 3.74281
0.25 0.151821 4.26473
0.375 0.151821 4.10377
0.5 0.151821 3.8839
0.625 0.151821 4.11585
0.75 0.151821 3.52064
0.875 0.151821 3.23408
1 0.151821 3.25069
0 0.155816 3.0559
0.125 0.155816 3.74281
0.25 0.155816 4.26473
0.375 0.155816 4.10377
0.5 0.155816 3.8839
0.625 0.155816 4.11585
0.75 0.155816 3.52064
0.875 0.155816 3.23408
1 0.155816 3.25069
0 0.159811 3.0559
0.125 0.159811 3.74281
0.25 0.159811 4.26473
0.375 0.159811 4.10377
0.5 0.159811 3.8839
0.625 0.159811 4.11585
0.75 0.159811 3.52064
0.875 0.159811 3.23408
1 0.159811 3.25069
0 0.163807 3.0559
0.125 0.163807 3.74281
0.25 0.163807 4.26473
0.375 0.163807 4.10377
0.5 0.163807 3.8839
0.625 0.163807 4.11585
0.75 0.163807 3.52064
0.875 0.163807 3.23408
1 0.163807 3.25069
0 0.167802 3.0559
0.125 0.167802 3.74281
0.25 0.167802 4.26473
0.375 0.167802 4.10377
0.5 0.167802 3.8839
0.625 0.167802 4.11585
0.75 0.167802 3.52064
0.875 0.167802 3.23408
1 0.167802 3.25069
0 0.171797 3.0559
0.125 0.171797 3.74281
0.25 0.171797 4.26473
0.375 0.171797 4.10377
0.5 0.171797 3.8839
0.625 0.171797 4.11585
0.75 0.171797 3.52064
0.875 0.171797 3.23408
1 0.171797 3.25069
0 0.175793 3.0559
0.125 0.175793 3.74281
0.25 0.175793 4.26473
0.375 0.175793 4.10377
0.5 0.175793 3.8839
0.625 0.175793 4.11585
0.75 0.175793 3.52064
0.875 0.175793 3.23408
1 0.175793 3.25069
0 0.179788 3.0559
0.125 0.179788 3.74281
0.25 0.179788 4.26473
0.375 0.179788 4.10377
0.5 0.179788 3.8839
0.625 0.179788 4.11585
0.75 0.179788 3.52064
0.875 0.179788 3.23408
1 0.179788 3.25069
0 0.183783 3.0559
0.125 0.183783 3.74281
0.25 0.183783 4.26473
0.375 0.183783 4.10377
0.5 0.183783 3.8839
0.625 0.183783 4.11585
0.75 0.183783 3.52064
0.875 0.183783 3.23408
1 0.183783 3.25069
0 0.187778 3.0559
0.125 0.187778 3.74281
0.25 0.187778 4.26473
0.375 0.187778 4.10377
0.5 0.187778 3.8839
0.625 0.187778 4.11585
0.75 0.187778 3.52064
0.875 0.187778 3.23408
1 0.187778 3.25069
0 0.191774 3.0559
0.125 0.191774 3.74281
0.25 0.191774 4.26473
0.375 0.191774 4.10377
0.5 0.191774 3.8839
0.625 0.191774 4.11585
0.75 0.191774 3.52064
0.875 0.191774 3.23408
1 0.191774 3.25069
0 0.195769 3.0559
0.125 0.195769 3.74281
0.25 0.195769 4.26473
0.375 0.195769 4.10377
0.5 0.195769 3.8839
0.625 0.195769 4.11585
0.75 0.195769 3.52064
0.875 0.195769 3.23408
1 0.195769 3.25069
0 0.199764 3.0559
0.125 0.199764 3.74281
0.25 0.199764 4.26473
0.375 0.199764 4.10377
0.5 0.199764 3.8839
0.625 0.199764 4.11585
0.75 0.199764 3.52064
0.875 0.199764 3.23408
1 0.199764 3.25069
0 0.20376 3.0559
0.125 0.20376 3.74281
0.25 0.20376 4.26473
0.375 0.20376 4.10377
0.5 0.20376 3.8839
0.625 0.20376 4.11585
0.75 0.20376 3.52064
0.875 0.20376 3.23408
1 0.20376 3.25069
0 0.207755 3.0559
0.125 0.207755 3.74281
0.25 0.207755 4.26473
0.375 0.207755 4.10377
0.5 0.207755 3.8839
0.625 0.207755 4.11585
0.75 0.207755 3.52064
0.875 0.207755 3.23408
1 0.207755 3.25069
0 0.21175 3.0559
0.125 0.21175 3.74281
0.25 0.21175 4.26473
0.375 0.21175 4.10377
0.5 0.21175 3.8839
0.625 0.21175 4.11585
0.75 0.21175 3.52064
0.875 0.21175 3.23408
1 0.21175 3.25069
0 0.215745 3.0559
0.125 0.215745 3.74281
0.25 0.215745 4.26473
0.375 0.215745 4.10377
0.5 0.215745 3.8839
0.625 0.215745 4.11585
0.75 0.215745 3.52064
0.875 0.215745 3.23408
1 0.215745 3.25069
0 0.219741 3.0559
0.125 0.219741 3.74281
0.25 0.219741 4.26473
0.375 0.219741 4.10377
0.5 0.219741 3.8839
0.625 0.219741 4.11585
0.75 0.219741 3.52064
0.875 0.219741 3.23408
1 0.219741 3.25069
0 0.223736 3.0559
0.125 0.223736 3.74281
0.25 0.223736 4.26473
0.375 0.223736 4.10377
0.5 0.223736 3.8839
0.625 0.223736 4.11585
0.75 0.223736 3.50752
0.875 0.223736 3.23408
1 0.223736 3.25069
0 0.227731 3.0559
0.125 0.227731 3.74281
0.25 0.227731 4.26473
0.375 0.227731 4.10377
0.5 0.227731 3.8839
0.625 0.227731 4.11585
0.75 0.227731 3.50752
0.875 0.227731 3.23408
1 0.227731 3.25069
0 0.231727 3.0559
0.125 0.231727 3.74281
0.25 0.231727 4.26473
0.375 0.231727 4.10377
0.5 0.231727 3.8839
0.625 0.231727 4.11585
0.75 0.231727 3.50752
0.875 0.231727 3.23408
1 0.231727 3.25069
0 0.235722 3.0559
0.125 0.235722 3.74281
0.25 0.235722 4.26473
0.375 0.235722 4.10377
0.5 0.235722 3.8839
0.625 0.235722 4.11585
0.75 0.235722 3.50752
0.875 0.235722 3.23408
1 0.235722 3.25069
0 0.239717 3.0559
0.125 0.239717 3.74281
0.25 0.239717 4.26473
0.375 0.239717 4.10377
0.5 0.239717 3.8839
0.625 0.239717 4.11585
0.75 0.239717 3.50072
0.875 0.239717 3.23408
1 0.239717 3.25069

