0 0.12395 3.03607
0.142857 0.12395 3.63552
0.285714 0.12395 4.17379
0.428571 0.12395 4.11974
0.571429 0.12395 3.71043
0.714286 0.12395 4.122
0.857143 0.12395 3.88616
1 0.12395 3.3368
0 0.128082 3.03607
0.142857 0.128082 3.63552
0.285714 0.128082 4.17379
0.428571 0.128082 4.11974
0.571429 0.128082 3.71043
0.714286 0.128082 4.122
0.857143 0.128082 3.88616
1 0.128082 3.3368
0 0.132213 3.03607
0.142857 0.132213 3.63552
0.285714 0.132213 4.17379
0.428571 0.132213 4.11974
0.571429 0.132213 3.71043
0.714286 0.132213 4.122
0.857143 0.132213 3.88616
1 0.132213 3.3368
0 0.136345 3.03607
0.142857 0.136345 3.63552
0.285714 0.136345 4.17379
0.428571 0.136345 4.11974
0.571429 0.136345 3.71043
0.714286 0.136345 4.122
0.857143 0.136345 3.88616
1 0.136345 3.3368
0 0.140477 3.03607
0.142857 0.140477 3.63552
0.285714 0.140477 4.17379
0.428571 0.140477 4.11974
0.571429 0.140477 3.71043
0.714286 0.140477 4.122
0.857143 0.140477 3.88616
1 0.140477 3.3368
0 0.144608 3.03607
0.142857 0.144608 3.63552
0.285714 0.144608 4.17379
0.428571 0.144608 4.11974
0.571429 0.144608 3.71043
0.714286 0.144608 4.122
0.857143 0.144608 3.88616
1 0.144608 3.3368
0 0.14874 3.03607
0.142857 0.14874 3.63552
0.285714 0.14874 4.17379
0.428571 0.14874 4.11974
0.571429 0.14874 3.71043
0.714286 0.14874 4.122
0.857143 0.14874 3.88616
1 0.14874 3.3368
0 0.152872 3.03607
0.142857 0.152872 3.63552
0.285714 0.152872 4.17379
0.428571 0.152872 4.11974
0.571429 0.152872 3.71043
0.714286 0.152872 4.122
0.857143 0.152872 3.88616
1 0.152872 3.3368
0 0.157003 3.03607
0.142857 0.157003 3.63552
0.285714 0.157003 4.17379
0.428571 0.157003 4.11974
0.571429 0.157003 3.71043
0.714286 0.157003 4.122
0.857143 0.157003 3.88616
1 0.157003 3.3368
0 0.161135 3.03607
0.142857 0.161135 3.63552
0.285714 0.161135 4.17379
0.428571 0.161135 4.11974
0.571429 0.161135 3.71043
0.714286 0.161135 4.122
0.857143 0.161135 3.88616
1 0.161135 3.3368
0 0.165267 3.03607
0.142857 0.165267 3.63552
0.285714 0.165267 4.17379
0.428571 0.165267 4.11974
0.571429 0.165267 3.71043
0.714286 0.165267 4.122
0.857143 0.165267 3.88616
1 0.165267 3.3368

