0.75	2.06441
0.775	2.06441
0.8	2.06441
0.825	2.06441
0.85	2.06441
0.875	2.06441
0.9	2.06441
0.925	2.06536
0.95	2.06536
0.975	2.06536
1	2.06536
1.025	2.06536
1.05	2.06536
1.075	2.06536
1.1	2.06536
1.125	2.06446
1.15	2.06446
1.175	2.06502
1.2	2.06502
1.225	2.06424
1.25	2.06475
1.275	2.06475
1.3	2.06443
1.325	2.06443
1.35	2.06609
1.375	2.06609
1.4	2.06609
1.425	2.06631
1.45	2.06631
1.475	2.06626
1.5	2.06626


Utilized scores
2.06424
2.06441
2.06441
2.06441
2.06441
2.06441
2.06441
2.06441
2.06443
2.06443
2.06446
2.06446
2.06475
2.06475
2.06502
2.06502
2.06536
2.06536
2.06536
2.06536
2.06536
2.06536
2.06536
2.06536
2.06609
2.06609
2.06609
2.06626
2.06626
2.06631
2.06631
----------------------------------------
Final Score: 2.06512