0 0.2 3.86246
0.00632911 0.2 3.62027
0.0126582 0.2 0
0.0189873 0.2 0
0.0253165 0.2 0
0.0316456 0.2 3.17694
0.0379747 0.2 2.6955
0.0443038 0.2 0
0.0506329 0.2 0
0.056962 0.2 4.14129
0.0632911 0.2 2.50977
0.0696203 0.2 3.08243
0.0759494 0.2 0
0.0822785 0.2 3.7593
0.0886076 0.2 3.42392
0.0949367 0.2 4.11223
0.101266 0.2 0
0.107595 0.2 2.06981
0.113924 0.2 4.30439
0.120253 0.2 0
0.126582 0.2 4.34631
0.132911 0.2 2.4832
0.139241 0.2 0
0.14557 0.2 3.99638
0.151899 0.2 3.48212
0.158228 0.2 0
0.164557 0.2 0
0.170886 0.2 2.44772
0.177215 0.2 4.59263
0.183544 0.2 4.36693
0.189873 0.2 2.52442
0.196203 0.2 0
0.202532 0.2 0
0.208861 0.2 3.4457
0.21519 0.2 3.15406
0.221519 0.2 0
0.227848 0.2 1.30746
0.234177 0.2 3.95273
0.240506 0.2 4.37959
0.246835 0.2 4.49782
0.253165 0.2 1.07271
0.259494 0.2 2.7408
0.265823 0.2 0
0.272152 0.2 3.53381
0.278481 0.2 3.28274
0.28481 0.2 2.67643
0.291139 0.2 0
0.297468 0.2 0
0.303797 0.2 2.41514
0.310127 0.2 2.93171
0.316456 0.2 4.02818
0.322785 0.2 3.47407
0.329114 0.2 2.65569
0.335443 0.2 4.82625
0.341772 0.2 2.89695
0.348101 0.2 3.26866
0.35443 0.2 0
0.360759 0.2 0
0.367089 0.2 2.96301
0.373418 0.2 3.57172
0.379747 0.2 2.1174
0.386076 0.2 0
0.392405 0.2 0
0.398734 0.2 3.26935
0.405063 0.2 1.17536
0.411392 0.2 3.7738
0.417722 0.2 0
0.424051 0.2 0
0.43038 0.2 3.93822
0.436709 0.2 3.32813
0.443038 0.2 0
0.449367 0.2 0
0.455696 0.2 2.9898
0.462025 0.2 0
0.468354 0.2 3.86222
0.474684 0.2 0
0.481013 0.2 2.61506
0.487342 0.2 2.10569
0.493671 0.2 0
0.5 0.2 4.45366
0.506329 0.2 0
0.512658 0.2 3.35657
0.518987 0.2 0
0.525316 0.2 0
0.531646 0.2 3.61796
0.537975 0.2 0
0.544304 0.2 0
0.550633 0.2 3.50461
0.556962 0.2 0
0.563291 0.2 3.56746
0.56962 0.2 4.50914
0.575949 0.2 4.99734
0.582278 0.2 0
0.588608 0.2 3.4234
0.594937 0.2 3.5852
0.601266 0.2 0
0.607595 0.2 3.89737
0.613924 0.2 2.77805
0.620253 0.2 0
0.626582 0.2 3.76268
0.632911 0.2 2.30047
0.639241 0.2 4.57617
0.64557 0.2 4.54841
0.651899 0.2 0
0.658228 0.2 2.27184
0.664557 0.2 3.60691
0.670886 0.2 0
0.677215 0.2 4.36187
0.683544 0.2 4.78801
0.689873 0.2 2.7942
0.696203 0.2 4.05619
0.702532 0.2 3.40414
0.708861 0.2 2.49265
0.71519 0.2 4.51435
0.721519 0.2 0
0.727848 0.2 3.88323
0.734177 0.2 4.06523
0.740506 0.2 4.63907
0.746835 0.2 0
0.753165 0.2 0
0.759494 0.2 3.65079
0.765823 0.2 3.53736
0.772152 0.2 3.11692
0.778481 0.2 0
0.78481 0.2 3.0764
0.791139 0.2 1.4984
0.797468 0.2 2.84868
0.803797 0.2 4.20138
0.810127 0.2 2.28884
0.816456 0.2 0
0.822785 0.2 2.40708
0.829114 0.2 4.75154
0.835443 0.2 3.80759
0.841772 0.2 0
0.848101 0.2 2.53638
0.85443 0.2 2.17385
0.860759 0.2 4.01075
0.867089 0.2 3.3031
0.873418 0.2 2.62181
0.879747 0.2 0
0.886076 0.2 4.21878
0.892405 0.2 4.40211
0.898734 0.2 1.82161
0.905063 0.2 0
0.911392 0.2 3.77526
0.917722 0.2 2.12593
0.924051 0.2 3.18562
0.93038 0.2 3.20028
0.936709 0.2 3.51735
0.943038 0.2 0.527385
0.949367 0.2 2.36885
0.955696 0.2 4.745
0.962025 0.2 4.53374
0.968354 0.2 2.62885
0.974684 0.2 0
0.981013 0.2 0
0.987342 0.2 2.53041
0.993671 0.2 2.73574
1 0.2 3.90044
0 0.4 3.85269
0.00632911 0.4 3.62027
0.0126582 0.4 0
0.0189873 0.4 0
0.0253165 0.4 0
0.0316456 0.4 3.17694
0.0379747 0.4 2.6955
0.0443038 0.4 0
0.0506329 0.4 0
0.056962 0.4 4.14129
0.0632911 0.4 2.50977
0.0696203 0.4 3.08243
0.0759494 0.4 0
0.0822785 0.4 3.7593
0.0886076 0.4 3.42392
0.0949367 0.4 4.11223
0.101266 0.4 0
0.107595 0.4 2.06981
0.113924 0.4 4.30439
0.120253 0.4 0
0.126582 0.4 4.34631
0.132911 0.4 2.4832
0.139241 0.4 0
0.14557 0.4 3.99638
0.151899 0.4 3.48212
0.158228 0.4 0
0.164557 0.4 0
0.170886 0.4 2.44772
0.177215 0.4 4.59263
0.183544 0.4 4.36693
0.189873 0.4 2.52442
0.196203 0.4 0
0.202532 0.4 0
0.208861 0.4 3.4457
0.21519 0.4 3.15406
0.221519 0.4 0
0.227848 0.4 1.30746
0.234177 0.4 3.95273
0.240506 0.4 4.37959
0.246835 0.4 4.49782
0.253165 0.4 1.07271
0.259494 0.4 2.7408
0.265823 0.4 0
0.272152 0.4 0
0.278481 0.4 3.28274
0.28481 0.4 2.67643
0.291139 0.4 0
0.297468 0.4 0
0.303797 0.4 2.41514
0.310127 0.4 2.11888
0.316456 0.4 4.02818
0.322785 0.4 3.47407
0.329114 0.4 2.65569
0.335443 0.4 4.82625
0.341772 0.4 2.89695
0.348101 0.4 3.26866
0.35443 0.4 0
0.360759 0.4 0
0.367089 0.4 2.96301
0.373418 0.4 3.57172
0.379747 0.4 2.1174
0.386076 0.4 0
0.392405 0.4 0
0.398734 0.4 3.26935
0.405063 0.4 1.17536
0.411392 0.4 3.7738
0.417722 0.4 0
0.424051 0.4 0
0.43038 0.4 3.93822
0.436709 0.4 3.32813
0.443038 0.4 0
0.449367 0.4 0
0.455696 0.4 2.9898
0.462025 0.4 0
0.468354 0.4 3.86222
0.474684 0.4 0
0.481013 0.4 2.61506
0.487342 0.4 2.10569
0.493671 0.4 0
0.5 0.4 4.45366
0.506329 0.4 0
0.512658 0.4 3.35657
0.518987 0.4 0
0.525316 0.4 0
0.531646 0.4 3.61796
0.537975 0.4 0
0.544304 0.4 0
0.550633 0.4 3.50461
0.556962 0.4 0
0.563291 0.4 3.56746
0.56962 0.4 4.50914
0.575949 0.4 4.99734
0.582278 0.4 0
0.588608 0.4 3.4234
0.594937 0.4 3.5852
0.601266 0.4 0
0.607595 0.4 3.89737
0.613924 0.4 2.77805
0.620253 0.4 0
0.626582 0.4 3.76268
0.632911 0.4 2.30047
0.639241 0.4 4.57617
0.64557 0.4 4.54841
0.651899 0.4 0
0.658228 0.4 2.27184
0.664557 0.4 3.60691
0.670886 0.4 0
0.677215 0.4 4.36187
0.683544 0.4 4.78801
0.689873 0.4 2.7942
0.696203 0.4 4.05619
0.702532 0.4 3.40414
0.708861 0.4 2.49265
0.71519 0.4 4.51435
0.721519 0.4 0
0.727848 0.4 3.88323
0.734177 0.4 4.06523
0.740506 0.4 4.63907
0.746835 0.4 0
0.753165 0.4 0
0.759494 0.4 3.65079
0.765823 0.4 3.53736
0.772152 0.4 3.11692
0.778481 0.4 0
0.78481 0.4 3.0764
0.791139 0.4 1.4984
0.797468 0.4 2.84868
0.803797 0.4 4.20138
0.810127 0.4 2.28884
0.816456 0.4 0
0.822785 0.4 2.40708
0.829114 0.4 4.75154
0.835443 0.4 3.80759
0.841772 0.4 0
0.848101 0.4 2.53638
0.85443 0.4 2.17385
0.860759 0.4 4.01075
0.867089 0.4 3.3031
0.873418 0.4 2.62181
0.879747 0.4 0
0.886076 0.4 4.21878
0.892405 0.4 4.40211
0.898734 0.4 1.82161
0.905063 0.4 0
0.911392 0.4 3.77526
0.917722 0.4 2.12593
0.924051 0.4 3.18562
0.93038 0.4 3.20028
0.936709 0.4 3.51735
0.943038 0.4 0.527385
0.949367 0.4 2.36885
0.955696 0.4 4.745
0.962025 0.4 4.53374
0.968354 0.4 2.62885
0.974684 0.4 0
0.981013 0.4 0
0.987342 0.4 2.53041
0.993671 0.4 2.73574
1 0.4 3.90044
0 0.6 3.85269
0.00632911 0.6 3.62027
0.0126582 0.6 0
0.0189873 0.6 0
0.0253165 0.6 0
0.0316456 0.6 3.17694
0.0379747 0.6 2.6955
0.0443038 0.6 0
0.0506329 0.6 0
0.056962 0.6 4.14129
0.0632911 0.6 2.50977
0.0696203 0.6 3.08243
0.0759494 0.6 0
0.0822785 0.6 3.7593
0.0886076 0.6 3.42392
0.0949367 0.6 4.11223
0.101266 0.6 0
0.107595 0.6 2.06981
0.113924 0.6 4.30439
0.120253 0.6 0
0.126582 0.6 4.34631
0.132911 0.6 2.4832
0.139241 0.6 0
0.14557 0.6 3.99638
0.151899 0.6 3.48212
0.158228 0.6 0
0.164557 0.6 0
0.170886 0.6 2.44772
0.177215 0.6 4.59263
0.183544 0.6 4.36693
0.189873 0.6 2.52442
0.196203 0.6 0
0.202532 0.6 0
0.208861 0.6 2.85557
0.21519 0.6 3.15406
0.221519 0.6 0
0.227848 0.6 1.30746
0.234177 0.6 2.86481
0.240506 0.6 4.37959
0.246835 0.6 4.49782
0.253165 0.6 1.07271
0.259494 0.6 2.7408
0.265823 0.6 0
0.272152 0.6 0
0.278481 0.6 3.28274
0.28481 0.6 2.67643
0.291139 0.6 0
0.297468 0.6 0
0.303797 0.6 2.41514
0.310127 0.6 2.11888
0.316456 0.6 4.02818
0.322785 0.6 3.47407
0.329114 0.6 2.65569
0.335443 0.6 4.82625
0.341772 0.6 2.89695
0.348101 0.6 3.26866
0.35443 0.6 0
0.360759 0.6 0
0.367089 0.6 2.96301
0.373418 0.6 3.57172
0.379747 0.6 2.1174
0.386076 0.6 0
0.392405 0.6 0
0.398734 0.6 3.26935
0.405063 0.6 1.17536
0.411392 0.6 3.7738
0.417722 0.6 0
0.424051 0.6 0
0.43038 0.6 3.93822
0.436709 0.6 3.32813
0.443038 0.6 0
0.449367 0.6 0
0.455696 0.6 2.9898
0.462025 0.6 0
0.468354 0.6 3.86222
0.474684 0.6 0
0.481013 0.6 2.61506
0.487342 0.6 2.10569
0.493671 0.6 0
0.5 0.6 4.45366
0.506329 0.6 0
0.512658 0.6 3.35657
0.518987 0.6 0
0.525316 0.6 0
0.531646 0.6 3.61796
0.537975 0.6 0
0.544304 0.6 0
0.550633 0.6 3.50461
0.556962 0.6 0
0.563291 0.6 3.56746
0.56962 0.6 4.50914
0.575949 0.6 4.99734
0.582278 0.6 0
0.588608 0.6 3.4234
0.594937 0.6 3.5852
0.601266 0.6 0
0.607595 0.6 3.89737
0.613924 0.6 2.77805
0.620253 0.6 0
0.626582 0.6 3.76268
0.632911 0.6 2.30047
0.639241 0.6 4.57617
0.64557 0.6 4.54841
0.651899 0.6 0
0.658228 0.6 2.27184
0.664557 0.6 3.60691
0.670886 0.6 0
0.677215 0.6 4.36187
0.683544 0.6 4.78801
0.689873 0.6 2.7942
0.696203 0.6 4.05619
0.702532 0.6 3.40414
0.708861 0.6 2.49265
0.71519 0.6 4.51435
0.721519 0.6 0
0.727848 0.6 3.88323
0.734177 0.6 4.06523
0.740506 0.6 4.63907
0.746835 0.6 0
0.753165 0.6 0
0.759494 0.6 3.65079
0.765823 0.6 3.53736
0.772152 0.6 3.11692
0.778481 0.6 0
0.78481 0.6 3.0764
0.791139 0.6 1.4984
0.797468 0.6 2.84868
0.803797 0.6 4.20138
0.810127 0.6 2.28884
0.816456 0.6 0
0.822785 0.6 2.40708
0.829114 0.6 4.75154
0.835443 0.6 3.80759
0.841772 0.6 0
0.848101 0.6 2.53638
0.85443 0.6 2.17385
0.860759 0.6 4.01075
0.867089 0.6 3.3031
0.873418 0.6 2.62181
0.879747 0.6 0
0.886076 0.6 4.21878
0.892405 0.6 4.40211
0.898734 0.6 1.82161
0.905063 0.6 0
0.911392 0.6 3.77526
0.917722 0.6 2.12593
0.924051 0.6 3.18562
0.93038 0.6 3.20028
0.936709 0.6 3.51735
0.943038 0.6 0.527385
0.949367 0.6 2.36885
0.955696 0.6 4.745
0.962025 0.6 4.53374
0.968354 0.6 2.62885
0.974684 0.6 0
0.981013 0.6 0
0.987342 0.6 2.53041
0.993671 0.6 2.73574
1 0.6 3.90044
0 0.8 3.85269
0.00632911 0.8 3.62027
0.0126582 0.8 0
0.0189873 0.8 0
0.0253165 0.8 0
0.0316456 0.8 3.17694
0.0379747 0.8 2.6955
0.0443038 0.8 0
0.0506329 0.8 0
0.056962 0.8 4.14129
0.0632911 0.8 2.50977
0.0696203 0.8 3.08243
0.0759494 0.8 0
0.0822785 0.8 2.96366
0.0886076 0.8 3.42392
0.0949367 0.8 4.11223
0.101266 0.8 0
0.107595 0.8 0.927755
0.113924 0.8 4.30439
0.120253 0.8 0
0.126582 0.8 4.34631
0.132911 0.8 2.4832
0.139241 0.8 0
0.14557 0.8 3.99638
0.151899 0.8 3.48212
0.158228 0.8 0
0.164557 0.8 0
0.170886 0.8 2.44772
0.177215 0.8 4.59263
0.183544 0.8 4.36693
0.189873 0.8 2.52442
0.196203 0.8 0
0.202532 0.8 0
0.208861 0.8 2.85557
0.21519 0.8 3.15406
0.221519 0.8 0
0.227848 0.8 1.30746
0.234177 0.8 2.86481
0.240506 0.8 4.37959
0.246835 0.8 4.49782
0.253165 0.8 1.07271
0.259494 0.8 2.7408
0.265823 0.8 0
0.272152 0.8 0
0.278481 0.8 3.07302
0.28481 0.8 2.67643
0.291139 0.8 0
0.297468 0.8 0
0.303797 0.8 2.41514
0.310127 0.8 2.11888
0.316456 0.8 4.02818
0.322785 0.8 3.47407
0.329114 0.8 2.65569
0.335443 0.8 4.82625
0.341772 0.8 2.89695
0.348101 0.8 3.26866
0.35443 0.8 0
0.360759 0.8 0
0.367089 0.8 2.96301
0.373418 0.8 3.57172
0.379747 0.8 2.1174
0.386076 0.8 0
0.392405 0.8 0
0.398734 0.8 3.26935
0.405063 0.8 1.17536
0.411392 0.8 3.7738
0.417722 0.8 0
0.424051 0.8 0
0.43038 0.8 3.93822
0.436709 0.8 3.32813
0.443038 0.8 0
0.449367 0.8 0
0.455696 0.8 2.9898
0.462025 0.8 0
0.468354 0.8 3.86222
0.474684 0.8 0
0.481013 0.8 2.61506
0.487342 0.8 2.10569
0.493671 0.8 0
0.5 0.8 4.45366
0.506329 0.8 0
0.512658 0.8 3.35657
0.518987 0.8 0
0.525316 0.8 0
0.531646 0.8 3.61796
0.537975 0.8 0
0.544304 0.8 0
0.550633 0.8 3.50461
0.556962 0.8 0
0.563291 0.8 3.56746
0.56962 0.8 4.50914
0.575949 0.8 4.99734
0.582278 0.8 0
0.588608 0.8 3.4234
0.594937 0.8 3.5852
0.601266 0.8 0
0.607595 0.8 3.89737
0.613924 0.8 2.77805
0.620253 0.8 0
0.626582 0.8 3.76268
0.632911 0.8 2.30047
0.639241 0.8 4.57617
0.64557 0.8 4.54841
0.651899 0.8 0
0.658228 0.8 2.27184
0.664557 0.8 3.60691
0.670886 0.8 0
0.677215 0.8 4.36187
0.683544 0.8 4.78801
0.689873 0.8 2.7942
0.696203 0.8 4.05619
0.702532 0.8 3.40414
0.708861 0.8 2.49265
0.71519 0.8 4.51435
0.721519 0.8 0
0.727848 0.8 3.88323
0.734177 0.8 4.06523
0.740506 0.8 4.63907
0.746835 0.8 0
0.753165 0.8 0
0.759494 0.8 3.65079
0.765823 0.8 3.53736
0.772152 0.8 3.11692
0.778481 0.8 0
0.78481 0.8 3.0764
0.791139 0.8 1.4984
0.797468 0.8 2.84868
0.803797 0.8 4.20138
0.810127 0.8 2.28884
0.816456 0.8 0
0.822785 0.8 2.40708
0.829114 0.8 4.75154
0.835443 0.8 3.80759
0.841772 0.8 0
0.848101 0.8 2.53638
0.85443 0.8 2.17385
0.860759 0.8 4.01075
0.867089 0.8 3.3031
0.873418 0.8 2.62181
0.879747 0.8 0
0.886076 0.8 4.21878
0.892405 0.8 4.40211
0.898734 0.8 1.82161
0.905063 0.8 0
0.911392 0.8 3.77526
0.917722 0.8 2.12593
0.924051 0.8 3.18562
0.93038 0.8 3.20028
0.936709 0.8 3.51735
0.943038 0.8 0.527385
0.949367 0.8 2.36885
0.955696 0.8 4.745
0.962025 0.8 4.53374
0.968354 0.8 2.62885
0.974684 0.8 0
0.981013 0.8 0
0.987342 0.8 2.53041
0.993671 0.8 2.73574
1 0.8 3.90044
0 1 3.83648
0.00632911 1 3.62027
0.0126582 1 0
0.0189873 1 0
0.0253165 1 0
0.0316456 1 3.17694
0.0379747 1 2.6955
0.0443038 1 0
0.0506329 1 0
0.056962 1 4.14129
0.0632911 1 2.50977
0.0696203 1 3.08243
0.0759494 1 0
0.0822785 1 2.96366
0.0886076 1 3.42392
0.0949367 1 4.11223
0.101266 1 0
0.107595 1 0.927755
0.113924 1 4.30439
0.120253 1 0
0.126582 1 4.34631
0.132911 1 2.4832
0.139241 1 0
0.14557 1 3.99638
0.151899 1 3.48212
0.158228 1 0
0.164557 1 0
0.170886 1 2.44772
0.177215 1 4.59263
0.183544 1 4.36693
0.189873 1 2.52442
0.196203 1 0
0.202532 1 0
0.208861 1 2.85557
0.21519 1 3.15406
0.221519 1 0
0.227848 1 1.30746
0.234177 1 2.86481
0.240506 1 4.37959
0.246835 1 4.49782
0.253165 1 1.07271
0.259494 1 2.7408
0.265823 1 0
0.272152 1 0
0.278481 1 3.07302
0.28481 1 2.67643
0.291139 1 0
0.297468 1 0
0.303797 1 0
0.310127 1 2.11888
0.316456 1 4.02818
0.322785 1 3.47407
0.329114 1 1.55155
0.335443 1 4.82625
0.341772 1 2.89695
0.348101 1 3.26866
0.35443 1 0
0.360759 1 0
0.367089 1 2.96301
0.373418 1 3.57172
0.379747 1 2.1174
0.386076 1 0
0.392405 1 0
0.398734 1 0
0.405063 1 1.17536
0.411392 1 3.7738
0.417722 1 0
0.424051 1 0
0.43038 1 3.93822
0.436709 1 2.9721
0.443038 1 0
0.449367 1 0
0.455696 1 2.9898
0.462025 1 0
0.468354 1 3.86222
0.474684 1 0
0.481013 1 2.61506
0.487342 1 2.10569
0.493671 1 0
0.5 1 4.45366
0.506329 1 0
0.512658 1 3.35657
0.518987 1 0
0.525316 1 0
0.531646 1 3.61796
0.537975 1 0
0.544304 1 0
0.550633 1 3.50461
0.556962 1 0
0.563291 1 3.56746
0.56962 1 4.50914
0.575949 1 4.99734
0.582278 1 0
0.588608 1 3.4234
0.594937 1 3.5852
0.601266 1 2.50764
0.607595 1 3.89737
0.613924 1 2.77805
0.620253 1 0
0.626582 1 3.76268
0.632911 1 2.30047
0.639241 1 4.57617
0.64557 1 4.54841
0.651899 1 0
0.658228 1 2.27184
0.664557 1 3.60691
0.670886 1 0
0.677215 1 4.36187
0.683544 1 4.78801
0.689873 1 2.7942
0.696203 1 4.05619
0.702532 1 3.40414
0.708861 1 2.49265
0.71519 1 4.51435
0.721519 1 0
0.727848 1 3.88323
0.734177 1 3.4321
0.740506 1 4.63907
0.746835 1 0
0.753165 1 0
0.759494 1 3.65079
0.765823 1 3.53736
0.772152 1 3.11692
0.778481 1 0
0.78481 1 3.0764
0.791139 1 1.4984
0.797468 1 2.84868
0.803797 1 4.20138
0.810127 1 2.28884
0.816456 1 0
0.822785 1 2.40708
0.829114 1 4.75154
0.835443 1 3.80759
0.841772 1 0
0.848101 1 2.53638
0.85443 1 2.17385
0.860759 1 4.01075
0.867089 1 3.3031
0.873418 1 2.62181
0.879747 1 0
0.886076 1 4.21878
0.892405 1 4.40211
0.898734 1 1.82161
0.905063 1 0
0.911392 1 3.77526
0.917722 1 2.12593
0.924051 1 3.18562
0.93038 1 3.20028
0.936709 1 3.51735
0.943038 1 0.527385
0.949367 1 2.36885
0.955696 1 4.745
0.962025 1 4.53374
0.968354 1 2.62885
0.974684 1 0
0.981013 1 0
0.987342 1 2.53041
0.993671 1 2.73574
1 1 3.90044
0 1.2 3.75847
0.00632911 1.2 3.62027
0.0126582 1.2 0
0.0189873 1.2 0
0.0253165 1.2 0
0.0316456 1.2 3.17694
0.0379747 1.2 2.6955
0.0443038 1.2 0
0.0506329 1.2 0
0.056962 1.2 4.14129
0.0632911 1.2 2.50977
0.0696203 1.2 3.08243
0.0759494 1.2 0
0.0822785 1.2 2.96366
0.0886076 1.2 3.42392
0.0949367 1.2 4.11223
0.101266 1.2 0
0.107595 1.2 0.927755
0.113924 1.2 4.30439
0.120253 1.2 0
0.126582 1.2 4.34631
0.132911 1.2 2.4832
0.139241 1.2 0
0.14557 1.2 3.99638
0.151899 1.2 3.48212
0.158228 1.2 0
0.164557 1.2 0
0.170886 1.2 2.44772
0.177215 1.2 4.59263
0.183544 1.2 4.36693
0.189873 1.2 2.52442
0.196203 1.2 0
0.202532 1.2 0
0.208861 1.2 2.85557
0.21519 1.2 3.15406
0.221519 1.2 0
0.227848 1.2 1.30746
0.234177 1.2 2.86481
0.240506 1.2 4.37959
0.246835 1.2 4.49782
0.253165 1.2 1.07271
0.259494 1.2 2.7408
0.265823 1.2 0
0.272152 1.2 0
0.278481 1.2 3.07302
0.28481 1.2 2.67643
0.291139 1.2 0
0.297468 1.2 0
0.303797 1.2 0
0.310127 1.2 2.11888
0.316456 1.2 4.02818
0.322785 1.2 3.47407
0.329114 1.2 1.55155
0.335443 1.2 4.82625
0.341772 1.2 2.89695
0.348101 1.2 3.26866
0.35443 1.2 0
0.360759 1.2 0
0.367089 1.2 2.96301
0.373418 1.2 3.57172
0.379747 1.2 2.1174
0.386076 1.2 0
0.392405 1.2 0
0.398734 1.2 0
0.405063 1.2 1.17536
0.411392 1.2 3.7738
0.417722 1.2 0
0.424051 1.2 0
0.43038 1.2 3.93822
0.436709 1.2 2.9721
0.443038 1.2 0
0.449367 1.2 0
0.455696 1.2 2.9898
0.462025 1.2 0
0.468354 1.2 3.86222
0.474684 1.2 0
0.481013 1.2 2.61506
0.487342 1.2 2.10569
0.493671 1.2 0
0.5 1.2 4.45366
0.506329 1.2 0
0.512658 1.2 3.35657
0.518987 1.2 0
0.525316 1.2 0
0.531646 1.2 3.61796
0.537975 1.2 0
0.544304 1.2 0
0.550633 1.2 3.50461
0.556962 1.2 0
0.563291 1.2 3.56746
0.56962 1.2 4.50914
0.575949 1.2 4.99734
0.582278 1.2 0
0.588608 1.2 3.4234
0.594937 1.2 3.5852
0.601266 1.2 2.50764
0.607595 1.2 3.89737
0.613924 1.2 2.77805
0.620253 1.2 0
0.626582 1.2 3.76268
0.632911 1.2 2.30047
0.639241 1.2 4.57617
0.64557 1.2 4.54841
0.651899 1.2 0
0.658228 1.2 2.27184
0.664557 1.2 3.60691
0.670886 1.2 0
0.677215 1.2 4.36187
0.683544 1.2 4.78801
0.689873 1.2 2.7942
0.696203 1.2 4.05619
0.702532 1.2 3.40414
0.708861 1.2 2.49265
0.71519 1.2 0
0.721519 1.2 0
0.727848 1.2 3.88323
0.734177 1.2 3.4321
0.740506 1.2 4.63907
0.746835 1.2 0
0.753165 1.2 0
0.759494 1.2 3.65079
0.765823 1.2 3.53736
0.772152 1.2 3.11692
0.778481 1.2 0
0.78481 1.2 3.0764
0.791139 1.2 1.4984
0.797468 1.2 2.84868
0.803797 1.2 4.20138
0.810127 1.2 2.28884
0.816456 1.2 0
0.822785 1.2 2.40708
0.829114 1.2 4.75154
0.835443 1.2 3.80759
0.841772 1.2 0
0.848101 1.2 2.53638
0.85443 1.2 2.17385
0.860759 1.2 4.01075
0.867089 1.2 3.3031
0.873418 1.2 2.62181
0.879747 1.2 0
0.886076 1.2 4.21878
0.892405 1.2 4.40211
0.898734 1.2 1.82161
0.905063 1.2 0
0.911392 1.2 3.77526
0.917722 1.2 2.12593
0.924051 1.2 3.18562
0.93038 1.2 3.20028
0.936709 1.2 3.51735
0.943038 1.2 0.527385
0.949367 1.2 2.36885
0.955696 1.2 4.745
0.962025 1.2 4.53374
0.968354 1.2 2.62885
0.974684 1.2 0
0.981013 1.2 0
0.987342 1.2 2.53041
0.993671 1.2 2.73574
1 1.2 3.90044
0 1.4 3.75847
0.00632911 1.4 3.62027
0.0126582 1.4 0
0.0189873 1.4 0
0.0253165 1.4 0
0.0316456 1.4 3.17694
0.0379747 1.4 2.6955
0.0443038 1.4 0
0.0506329 1.4 0
0.056962 1.4 4.14129
0.0632911 1.4 2.50977
0.0696203 1.4 3.08243
0.0759494 1.4 0
0.0822785 1.4 2.96366
0.0886076 1.4 3.42392
0.0949367 1.4 4.11223
0.101266 1.4 0
0.107595 1.4 0.927755
0.113924 1.4 4.30439
0.120253 1.4 0
0.126582 1.4 4.34631
0.132911 1.4 2.4832
0.139241 1.4 0
0.14557 1.4 3.99638
0.151899 1.4 3.48212
0.158228 1.4 0
0.164557 1.4 0
0.170886 1.4 2.44772
0.177215 1.4 4.59263
0.183544 1.4 4.36693
0.189873 1.4 2.52442
0.196203 1.4 0
0.202532 1.4 0
0.208861 1.4 2.85557
0.21519 1.4 3.15406
0.221519 1.4 0
0.227848 1.4 1.30746
0.234177 1.4 2.86481
0.240506 1.4 4.37959
0.246835 1.4 4.49782
0.253165 1.4 1.07271
0.259494 1.4 2.7408
0.265823 1.4 0
0.272152 1.4 0
0.278481 1.4 3.07302
0.28481 1.4 2.67643
0.291139 1.4 0
0.297468 1.4 0
0.303797 1.4 0
0.310127 1.4 2.11888
0.316456 1.4 4.02818
0.322785 1.4 3.47407
0.329114 1.4 1.55155
0.335443 1.4 4.82625
0.341772 1.4 2.89695
0.348101 1.4 3.26866
0.35443 1.4 0
0.360759 1.4 0
0.367089 1.4 2.96301
0.373418 1.4 3.57172
0.379747 1.4 2.1174
0.386076 1.4 0
0.392405 1.4 0
0.398734 1.4 0
0.405063 1.4 1.17536
0.411392 1.4 3.7738
0.417722 1.4 0
0.424051 1.4 0
0.43038 1.4 3.93822
0.436709 1.4 2.9721
0.443038 1.4 0
0.449367 1.4 0
0.455696 1.4 2.9898
0.462025 1.4 0
0.468354 1.4 3.86222
0.474684 1.4 0
0.481013 1.4 2.61506
0.487342 1.4 2.10569
0.493671 1.4 0
0.5 1.4 4.45366
0.506329 1.4 0
0.512658 1.4 3.35657
0.518987 1.4 0
0.525316 1.4 0
0.531646 1.4 3.61796
0.537975 1.4 0
0.544304 1.4 0
0.550633 1.4 3.50461
0.556962 1.4 0
0.563291 1.4 3.56746
0.56962 1.4 4.50914
0.575949 1.4 4.99734
0.582278 1.4 0
0.588608 1.4 3.4234
0.594937 1.4 3.5852
0.601266 1.4 2.50764
0.607595 1.4 3.89737
0.613924 1.4 2.77805
0.620253 1.4 0
0.626582 1.4 3.76268
0.632911 1.4 2.30047
0.639241 1.4 4.57617
0.64557 1.4 4.54841
0.651899 1.4 0
0.658228 1.4 2.27184
0.664557 1.4 3.60691
0.670886 1.4 0
0.677215 1.4 4.36187
0.683544 1.4 4.78801
0.689873 1.4 2.7942
0.696203 1.4 4.05619
0.702532 1.4 3.40414
0.708861 1.4 2.49265
0.71519 1.4 0
0.721519 1.4 0
0.727848 1.4 3.88323
0.734177 1.4 3.4321
0.740506 1.4 0
0.746835 1.4 0
0.753165 1.4 0
0.759494 1.4 3.65079
0.765823 1.4 3.53736
0.772152 1.4 3.11692
0.778481 1.4 0
0.78481 1.4 3.0764
0.791139 1.4 1.4984
0.797468 1.4 2.84868
0.803797 1.4 4.20138
0.810127 1.4 2.28884
0.816456 1.4 0
0.822785 1.4 2.40708
0.829114 1.4 4.75154
0.835443 1.4 3.80759
0.841772 1.4 0
0.848101 1.4 2.53638
0.85443 1.4 2.17385
0.860759 1.4 4.01075
0.867089 1.4 3.3031
0.873418 1.4 2.62181
0.879747 1.4 0
0.886076 1.4 4.21878
0.892405 1.4 4.40211
0.898734 1.4 1.82161
0.905063 1.4 0
0.911392 1.4 3.77526
0.917722 1.4 2.12593
0.924051 1.4 3.18562
0.93038 1.4 3.20028
0.936709 1.4 3.51735
0.943038 1.4 0.527385
0.949367 1.4 2.36885
0.955696 1.4 4.745
0.962025 1.4 4.53374
0.968354 1.4 2.62885
0.974684 1.4 0
0.981013 1.4 0
0.987342 1.4 2.53041
0.993671 1.4 2.73574
1 1.4 3.90285
0 1.6 3.73692
0.00632911 1.6 3.62027
0.0126582 1.6 0
0.0189873 1.6 0
0.0253165 1.6 0
0.0316456 1.6 3.17694
0.0379747 1.6 2.6955
0.0443038 1.6 0
0.0506329 1.6 0
0.056962 1.6 4.14129
0.0632911 1.6 2.50977
0.0696203 1.6 3.08243
0.0759494 1.6 0
0.0822785 1.6 2.96366
0.0886076 1.6 3.42392
0.0949367 1.6 4.11223
0.101266 1.6 0
0.107595 1.6 0.927755
0.113924 1.6 4.30439
0.120253 1.6 0
0.126582 1.6 4.34631
0.132911 1.6 2.4832
0.139241 1.6 0
0.14557 1.6 3.05783
0.151899 1.6 3.48212
0.158228 1.6 0
0.164557 1.6 0
0.170886 1.6 2.44772
0.177215 1.6 4.59263
0.183544 1.6 4.36693
0.189873 1.6 2.52442
0.196203 1.6 0
0.202532 1.6 0
0.208861 1.6 2.85557
0.21519 1.6 3.15406
0.221519 1.6 0
0.227848 1.6 1.30746
0.234177 1.6 2.86481
0.240506 1.6 4.37959
0.246835 1.6 4.49782
0.253165 1.6 1.07271
0.259494 1.6 2.7408
0.265823 1.6 0
0.272152 1.6 0
0.278481 1.6 3.07302
0.28481 1.6 2.67643
0.291139 1.6 0
0.297468 1.6 0
0.303797 1.6 0
0.310127 1.6 2.11888
0.316456 1.6 4.02818
0.322785 1.6 3.47407
0.329114 1.6 1.55155
0.335443 1.6 4.82625
0.341772 1.6 2.89695
0.348101 1.6 3.26866
0.35443 1.6 0
0.360759 1.6 0
0.367089 1.6 2.96301
0.373418 1.6 3.57172
0.379747 1.6 2.1174
0.386076 1.6 0
0.392405 1.6 0
0.398734 1.6 0
0.405063 1.6 1.17536
0.411392 1.6 3.7738
0.417722 1.6 0
0.424051 1.6 0
0.43038 1.6 3.74805
0.436709 1.6 2.9721
0.443038 1.6 0
0.449367 1.6 0
0.455696 1.6 2.61385
0.462025 1.6 0
0.468354 1.6 3.86222
0.474684 1.6 0
0.481013 1.6 2.61506
0.487342 1.6 2.10569
0.493671 1.6 0
0.5 1.6 4.45366
0.506329 1.6 0
0.512658 1.6 3.35657
0.518987 1.6 0
0.525316 1.6 0
0.531646 1.6 3.61796
0.537975 1.6 0
0.544304 1.6 0
0.550633 1.6 3.50461
0.556962 1.6 0
0.563291 1.6 3.56746
0.56962 1.6 4.50914
0.575949 1.6 4.99734
0.582278 1.6 0
0.588608 1.6 3.4234
0.594937 1.6 3.5852
0.601266 1.6 2.50764
0.607595 1.6 3.89737
0.613924 1.6 2.77805
0.620253 1.6 0
0.626582 1.6 3.76268
0.632911 1.6 2.30047
0.639241 1.6 4.57617
0.64557 1.6 4.54841
0.651899 1.6 0
0.658228 1.6 2.27184
0.664557 1.6 3.60691
0.670886 1.6 0
0.677215 1.6 4.36187
0.683544 1.6 4.78801
0.689873 1.6 2.7942
0.696203 1.6 4.05619
0.702532 1.6 3.40414
0.708861 1.6 2.49265
0.71519 1.6 0
0.721519 1.6 0
0.727848 1.6 3.88323
0.734177 1.6 3.4321
0.740506 1.6 0
0.746835 1.6 0
0.753165 1.6 0
0.759494 1.6 3.65079
0.765823 1.6 3.53736
0.772152 1.6 3.11692
0.778481 1.6 0
0.78481 1.6 3.0764
0.791139 1.6 1.4984
0.797468 1.6 2.84868
0.803797 1.6 4.20138
0.810127 1.6 2.28884
0.816456 1.6 0
0.822785 1.6 2.40708
0.829114 1.6 4.75154
0.835443 1.6 3.80759
0.841772 1.6 0
0.848101 1.6 2.53638
0.85443 1.6 2.17385
0.860759 1.6 4.01075
0.867089 1.6 3.3031
0.873418 1.6 2.62181
0.879747 1.6 0
0.886076 1.6 4.21878
0.892405 1.6 4.40211
0.898734 1.6 1.82161
0.905063 1.6 0
0.911392 1.6 3.77526
0.917722 1.6 2.12593
0.924051 1.6 3.18562
0.93038 1.6 3.20028
0.936709 1.6 3.51735
0.943038 1.6 0.527385
0.949367 1.6 2.36885
0.955696 1.6 4.745
0.962025 1.6 4.53374
0.968354 1.6 2.62885
0.974684 1.6 0
0.981013 1.6 0
0.987342 1.6 2.53041
0.993671 1.6 2.73574
1 1.6 3.90285
0 1.8 3.65656
0.00632911 1.8 3.62027
0.0126582 1.8 0
0.0189873 1.8 0
0.0253165 1.8 0
0.0316456 1.8 3.17694
0.0379747 1.8 2.6955
0.0443038 1.8 0
0.0506329 1.8 0
0.056962 1.8 4.14129
0.0632911 1.8 2.50977
0.0696203 1.8 3.08243
0.0759494 1.8 0
0.0822785 1.8 2.96366
0.0886076 1.8 3.42392
0.0949367 1.8 4.11223
0.101266 1.8 0
0.107595 1.8 0.927755
0.113924 1.8 4.30439
0.120253 1.8 0
0.126582 1.8 4.34631
0.132911 1.8 2.4832
0.139241 1.8 0
0.14557 1.8 3.05783
0.151899 1.8 3.48212
0.158228 1.8 0
0.164557 1.8 0
0.170886 1.8 2.44772
0.177215 1.8 4.59263
0.183544 1.8 4.36693
0.189873 1.8 2.52442
0.196203 1.8 0
0.202532 1.8 0
0.208861 1.8 2.85557
0.21519 1.8 3.15406
0.221519 1.8 0
0.227848 1.8 1.30746
0.234177 1.8 2.86481
0.240506 1.8 4.37959
0.246835 1.8 4.49782
0.253165 1.8 1.07271
0.259494 1.8 2.7408
0.265823 1.8 0
0.272152 1.8 0
0.278481 1.8 3.07302
0.28481 1.8 2.67643
0.291139 1.8 0
0.297468 1.8 0
0.303797 1.8 0
0.310127 1.8 2.11888
0.316456 1.8 4.02818
0.322785 1.8 3.47407
0.329114 1.8 1.55155
0.335443 1.8 4.82625
0.341772 1.8 2.89695
0.348101 1.8 3.26866
0.35443 1.8 0
0.360759 1.8 0
0.367089 1.8 2.96301
0.373418 1.8 3.57172
0.379747 1.8 2.1174
0.386076 1.8 0
0.392405 1.8 0
0.398734 1.8 0
0.405063 1.8 1.17536
0.411392 1.8 3.7738
0.417722 1.8 0
0.424051 1.8 0
0.43038 1.8 3.74805
0.436709 1.8 2.9721
0.443038 1.8 0
0.449367 1.8 0
0.455696 1.8 2.61385
0.462025 1.8 0
0.468354 1.8 3.86222
0.474684 1.8 0
0.481013 1.8 2.61506
0.487342 1.8 2.10569
0.493671 1.8 0
0.5 1.8 4.45366
0.506329 1.8 0
0.512658 1.8 3.35657
0.518987 1.8 0
0.525316 1.8 0
0.531646 1.8 3.61796
0.537975 1.8 0
0.544304 1.8 0
0.550633 1.8 3.50461
0.556962 1.8 0
0.563291 1.8 3.56746
0.56962 1.8 4.50914
0.575949 1.8 4.99734
0.582278 1.8 0
0.588608 1.8 3.4234
0.594937 1.8 3.5852
0.601266 1.8 2.50764
0.607595 1.8 3.89737
0.613924 1.8 2.77805
0.620253 1.8 0
0.626582 1.8 3.76268
0.632911 1.8 2.30047
0.639241 1.8 4.57617
0.64557 1.8 4.54841
0.651899 1.8 0
0.658228 1.8 2.27184
0.664557 1.8 3.60691
0.670886 1.8 0
0.677215 1.8 4.36187
0.683544 1.8 4.78801
0.689873 1.8 2.7942
0.696203 1.8 4.05619
0.702532 1.8 3.40414
0.708861 1.8 2.49265
0.71519 1.8 0
0.721519 1.8 0
0.727848 1.8 3.88323
0.734177 1.8 3.4321
0.740506 1.8 0
0.746835 1.8 0
0.753165 1.8 0
0.759494 1.8 3.65079
0.765823 1.8 3.53736
0.772152 1.8 3.11692
0.778481 1.8 0
0.78481 1.8 3.0764
0.791139 1.8 1.4984
0.797468 1.8 2.84868
0.803797 1.8 4.20138
0.810127 1.8 2.28884
0.816456 1.8 0
0.822785 1.8 2.40708
0.829114 1.8 4.75154
0.835443 1.8 3.80759
0.841772 1.8 0
0.848101 1.8 2.53638
0.85443 1.8 2.17385
0.860759 1.8 4.01075
0.867089 1.8 3.3031
0.873418 1.8 2.62181
0.879747 1.8 0
0.886076 1.8 4.21878
0.892405 1.8 4.40211
0.898734 1.8 1.82161
0.905063 1.8 0
0.911392 1.8 3.77526
0.917722 1.8 2.12593
0.924051 1.8 3.18562
0.93038 1.8 3.20028
0.936709 1.8 3.51735
0.943038 1.8 0.527385
0.949367 1.8 2.36885
0.955696 1.8 4.745
0.962025 1.8 4.53374
0.968354 1.8 2.62885
0.974684 1.8 0
0.981013 1.8 0
0.987342 1.8 2.53041
0.993671 1.8 2.73574
1 1.8 3.90285

