0 0.2 3.93226
0.00393701 0.2 0
0.00787402 0.2 0
0.011811 0.2 3.12718
0.015748 0.2 3.88611
0.019685 0.2 0
0.023622 0.2 0
0.0275591 0.2 0
0.0314961 0.2 0
0.0354331 0.2 0
0.0393701 0.2 0
0.0433071 0.2 0
0.0472441 0.2 0
0.0511811 0.2 0
0.0551181 0.2 0
0.0590551 0.2 3.47244
0.0629921 0.2 2.50378
0.0669291 0.2 0
0.0708661 0.2 0
0.0748032 0.2 0
0.0787402 0.2 0
0.0826772 0.2 0
0.0866142 0.2 0
0.0905512 0.2 0
0.0944882 0.2 4.46534
0.0984252 0.2 4.04427
0.102362 0.2 0
0.106299 0.2 0
0.110236 0.2 0
0.114173 0.2 0
0.11811 0.2 0
0.122047 0.2 0
0.125984 0.2 0
0.129921 0.2 2.35899
0.133858 0.2 3.66335
0.137795 0.2 0
0.141732 0.2 0
0.145669 0.2 0
0.149606 0.2 0
0.153543 0.2 0
0.15748 0.2 0
0.161417 0.2 0
0.165354 0.2 0
0.169291 0.2 3.70031
0.173228 0.2 3.25329
0.177165 0.2 0
0.181102 0.2 0
0.185039 0.2 0
0.188976 0.2 0
0.192913 0.2 0
0.19685 0.2 0
0.200787 0.2 0
0.204724 0.2 4.7185
0.208661 0.2 1.86081
0.212598 0.2 0
0.216535 0.2 0
0.220472 0.2 0
0.224409 0.2 4.7964
0.228346 0.2 0
0.232283 0.2 0
0.23622 0.2 0
0.240157 0.2 0
0.244094 0.2 0
0.248031 0.2 0
0.251969 0.2 0
0.255906 0.2 3.223
0.259843 0.2 0
0.26378 0.2 3.74099
0.267717 0.2 0
0.271654 0.2 0
0.275591 0.2 0
0.279528 0.2 0
0.283465 0.2 0
0.287402 0.2 0
0.291339 0.2 0
0.295276 0.2 0
0.299213 0.2 2.05092
0.30315 0.2 2.78448
0.307087 0.2 3.3397
0.311024 0.2 3.8303
0.314961 0.2 0
0.318898 0.2 0
0.322835 0.2 0
0.326772 0.2 0
0.330709 0.2 0
0.334646 0.2 0
0.338583 0.2 3.94948
0.34252 0.2 0
0.346457 0.2 0
0.350394 0.2 0
0.354331 0.2 0
0.358268 0.2 4.32831
0.362205 0.2 0
0.366142 0.2 0
0.370079 0.2 0
0.374016 0.2 0
0.377953 0.2 3.47332
0.38189 0.2 0
0.385827 0.2 0
0.389764 0.2 2.08334
0.393701 0.2 3.8258
0.397638 0.2 0
0.401575 0.2 2.6008
0.405512 0.2 0
0.409449 0.2 0
0.413386 0.2 0
0.417323 0.2 3.84382
0.42126 0.2 4.52553
0.425197 0.2 0
0.429134 0.2 1.68192
0.433071 0.2 0
0.437008 0.2 2.89336
0.440945 0.2 0
0.444882 0.2 4.27828
0.448819 0.2 0
0.452756 0.2 4.86767
0.456693 0.2 0
0.46063 0.2 0
0.464567 0.2 0
0.468504 0.2 1.72797
0.472441 0.2 0
0.476378 0.2 0
0.480315 0.2 3.33994
0.484252 0.2 0
0.488189 0.2 0
0.492126 0.2 4.76898
0.496063 0.2 4.91672
0.5 0.2 0
0.503937 0.2 0
0.507874 0.2 3.8799
0.511811 0.2 3.29953
0.515748 0.2 0
0.519685 0.2 0
0.523622 0.2 1.24564
0.527559 0.2 0
0.531496 0.2 0
0.535433 0.2 0
0.53937 0.2 3.92799
0.543307 0.2 0
0.547244 0.2 2.66733
0.551181 0.2 0
0.555118 0.2 0
0.559055 0.2 0
0.562992 0.2 3.3226
0.566929 0.2 2.57055
0.570866 0.2 0
0.574803 0.2 0
0.57874 0.2 3.21295
0.582677 0.2 0
0.586614 0.2 3.91729
0.590551 0.2 0
0.594488 0.2 4.9446
0.598425 0.2 0
0.602362 0.2 0
0.606299 0.2 0
0.610236 0.2 4.16787
0.614173 0.2 3.51725
0.61811 0.2 0
0.622047 0.2 0
0.625984 0.2 0
0.629921 0.2 0
0.633858 0.2 0
0.637795 0.2 4.07455
0.641732 0.2 2.42701
0.645669 0.2 0
0.649606 0.2 0
0.653543 0.2 3.78824
0.65748 0.2 1.89129
0.661417 0.2 0
0.665354 0.2 0
0.669291 0.2 0
0.673228 0.2 0
0.677165 0.2 0
0.681102 0.2 0
0.685039 0.2 4.54394
0.688976 0.2 0
0.692913 0.2 3.42724
0.69685 0.2 3.87632
0.700787 0.2 2.60945
0.704724 0.2 4.21353
0.708661 0.2 0
0.712598 0.2 0
0.716535 0.2 0
0.720472 0.2 0
0.724409 0.2 0
0.728346 0.2 0
0.732283 0.2 2.32406
0.73622 0.2 1.53945
0.740157 0.2 0
0.744094 0.2 0
0.748031 0.2 0
0.751969 0.2 0
0.755906 0.2 4.44791
0.759843 0.2 0
0.76378 0.2 4.29325
0.767717 0.2 0
0.771654 0.2 0
0.775591 0.2 0
0.779528 0.2 0
0.783465 0.2 2.86708
0.787402 0.2 0
0.791339 0.2 0
0.795276 0.2 0
0.799213 0.2 0
0.80315 0.2 0
0.807087 0.2 0
0.811024 0.2 2.97509
0.814961 0.2 0
0.818898 0.2 0
0.822835 0.2 0
0.826772 0.2 0
0.830709 0.2 0
0.834646 0.2 0
0.838583 0.2 0
0.84252 0.2 0
0.846457 0.2 2.60431
0.850394 0.2 3.11528
0.854331 0.2 0
0.858268 0.2 0
0.862205 0.2 2.94526
0.866142 0.2 0
0.870079 0.2 0
0.874016 0.2 0
0.877953 0.2 0
0.88189 0.2 0
0.885827 0.2 4.62404
0.889764 0.2 0
0.893701 0.2 0
0.897638 0.2 4.12982
0.901575 0.2 0
0.905512 0.2 0
0.909449 0.2 0
0.913386 0.2 0
0.917323 0.2 1.88003
0.92126 0.2 0
0.925197 0.2 0
0.929134 0.2 0
0.933071 0.2 4.42865
0.937008 0.2 2.93041
0.940945 0.2 4.98512
0.944882 0.2 0
0.948819 0.2 0
0.952756 0.2 0
0.956693 0.2 0
0.96063 0.2 2.6659
0.964567 0.2 4.38823
0.968504 0.2 0
0.972441 0.2 0
0.976378 0.2 0
0.980315 0.2 0
0.984252 0.2 2.45773
0.988189 0.2 0
0.992126 0.2 0
0.996063 0.2 0
1 0.2 3.88207
0 0.4 3.93226
0.00393701 0.4 0
0.00787402 0.4 0
0.011811 0.4 3.12718
0.015748 0.4 3.88611
0.019685 0.4 0
0.023622 0.4 0
0.0275591 0.4 0
0.0314961 0.4 0
0.0354331 0.4 0
0.0393701 0.4 0
0.0433071 0.4 0
0.0472441 0.4 0
0.0511811 0.4 0
0.0551181 0.4 0
0.0590551 0.4 3.47244
0.0629921 0.4 2.50378
0.0669291 0.4 0
0.0708661 0.4 0
0.0748032 0.4 0
0.0787402 0.4 0
0.0826772 0.4 0
0.0866142 0.4 0
0.0905512 0.4 0
0.0944882 0.4 4.46534
0.0984252 0.4 4.04427
0.102362 0.4 0
0.106299 0.4 0
0.110236 0.4 0
0.114173 0.4 0
0.11811 0.4 0
0.122047 0.4 0
0.125984 0.4 0
0.129921 0.4 2.35899
0.133858 0.4 3.66335
0.137795 0.4 0
0.141732 0.4 0
0.145669 0.4 0
0.149606 0.4 0
0.153543 0.4 0
0.15748 0.4 0
0.161417 0.4 0
0.165354 0.4 0
0.169291 0.4 3.70031
0.173228 0.4 3.25329
0.177165 0.4 0
0.181102 0.4 0
0.185039 0.4 0
0.188976 0.4 0
0.192913 0.4 0
0.19685 0.4 0
0.200787 0.4 0
0.204724 0.4 4.7185
0.208661 0.4 1.86081
0.212598 0.4 0
0.216535 0.4 0
0.220472 0.4 0
0.224409 0.4 4.7964
0.228346 0.4 0
0.232283 0.4 0
0.23622 0.4 0
0.240157 0.4 0
0.244094 0.4 0
0.248031 0.4 0
0.251969 0.4 0
0.255906 0.4 3.223
0.259843 0.4 0
0.26378 0.4 3.74099
0.267717 0.4 0
0.271654 0.4 0
0.275591 0.4 0
0.279528 0.4 0
0.283465 0.4 0
0.287402 0.4 0
0.291339 0.4 0
0.295276 0.4 0
0.299213 0.4 2.05092
0.30315 0.4 2.78448
0.307087 0.4 3.3397
0.311024 0.4 3.8303
0.314961 0.4 0
0.318898 0.4 0
0.322835 0.4 0
0.326772 0.4 0
0.330709 0.4 0
0.334646 0.4 0
0.338583 0.4 3.94948
0.34252 0.4 0
0.346457 0.4 0
0.350394 0.4 0
0.354331 0.4 0
0.358268 0.4 4.32831
0.362205 0.4 0
0.366142 0.4 0
0.370079 0.4 0
0.374016 0.4 0
0.377953 0.4 3.47332
0.38189 0.4 0
0.385827 0.4 0
0.389764 0.4 2.08334
0.393701 0.4 3.8258
0.397638 0.4 0
0.401575 0.4 2.6008
0.405512 0.4 0
0.409449 0.4 0
0.413386 0.4 0
0.417323 0.4 3.84382
0.42126 0.4 4.52553
0.425197 0.4 0
0.429134 0.4 1.68192
0.433071 0.4 0
0.437008 0.4 2.89336
0.440945 0.4 0
0.444882 0.4 4.27828
0.448819 0.4 0
0.452756 0.4 4.86767
0.456693 0.4 0
0.46063 0.4 0
0.464567 0.4 0
0.468504 0.4 1.72797
0.472441 0.4 0
0.476378 0.4 0
0.480315 0.4 3.33994
0.484252 0.4 0
0.488189 0.4 0
0.492126 0.4 4.76898
0.496063 0.4 4.91672
0.5 0.4 0
0.503937 0.4 0
0.507874 0.4 3.8799
0.511811 0.4 3.29953
0.515748 0.4 0
0.519685 0.4 0
0.523622 0.4 1.24564
0.527559 0.4 0
0.531496 0.4 0
0.535433 0.4 0
0.53937 0.4 3.92799
0.543307 0.4 0
0.547244 0.4 2.66733
0.551181 0.4 0
0.555118 0.4 0
0.559055 0.4 0
0.562992 0.4 3.3226
0.566929 0.4 2.57055
0.570866 0.4 0
0.574803 0.4 0
0.57874 0.4 3.21295
0.582677 0.4 0
0.586614 0.4 3.91729
0.590551 0.4 0
0.594488 0.4 4.9446
0.598425 0.4 0
0.602362 0.4 0
0.606299 0.4 0
0.610236 0.4 4.16787
0.614173 0.4 3.51725
0.61811 0.4 0
0.622047 0.4 0
0.625984 0.4 0
0.629921 0.4 0
0.633858 0.4 0
0.637795 0.4 4.07455
0.641732 0.4 2.42701
0.645669 0.4 0
0.649606 0.4 0
0.653543 0.4 3.78824
0.65748 0.4 1.89129
0.661417 0.4 0
0.665354 0.4 0
0.669291 0.4 0
0.673228 0.4 0
0.677165 0.4 0
0.681102 0.4 0
0.685039 0.4 4.54394
0.688976 0.4 0
0.692913 0.4 3.42724
0.69685 0.4 3.87632
0.700787 0.4 2.60945
0.704724 0.4 4.21353
0.708661 0.4 0
0.712598 0.4 0
0.716535 0.4 0
0.720472 0.4 0
0.724409 0.4 0
0.728346 0.4 0
0.732283 0.4 2.32406
0.73622 0.4 1.53945
0.740157 0.4 0
0.744094 0.4 0
0.748031 0.4 0
0.751969 0.4 0
0.755906 0.4 4.44791
0.759843 0.4 0
0.76378 0.4 4.29325
0.767717 0.4 0
0.771654 0.4 0
0.775591 0.4 0
0.779528 0.4 0
0.783465 0.4 2.86708
0.787402 0.4 0
0.791339 0.4 0
0.795276 0.4 0
0.799213 0.4 0
0.80315 0.4 0
0.807087 0.4 0
0.811024 0.4 2.97509
0.814961 0.4 0
0.818898 0.4 0
0.822835 0.4 0
0.826772 0.4 0
0.830709 0.4 0
0.834646 0.4 0
0.838583 0.4 0
0.84252 0.4 0
0.846457 0.4 2.60431
0.850394 0.4 3.11528
0.854331 0.4 0
0.858268 0.4 0
0.862205 0.4 2.94526
0.866142 0.4 0
0.870079 0.4 0
0.874016 0.4 0
0.877953 0.4 0
0.88189 0.4 0
0.885827 0.4 4.62404
0.889764 0.4 0
0.893701 0.4 0
0.897638 0.4 4.12982
0.901575 0.4 0
0.905512 0.4 0
0.909449 0.4 0
0.913386 0.4 0
0.917323 0.4 1.88003
0.92126 0.4 0
0.925197 0.4 0
0.929134 0.4 0
0.933071 0.4 4.42865
0.937008 0.4 2.93041
0.940945 0.4 4.98512
0.944882 0.4 0
0.948819 0.4 0
0.952756 0.4 0
0.956693 0.4 0
0.96063 0.4 2.6659
0.964567 0.4 4.38823
0.968504 0.4 0
0.972441 0.4 0
0.976378 0.4 0
0.980315 0.4 0
0.984252 0.4 2.45773
0.988189 0.4 0
0.992126 0.4 0
0.996063 0.4 0
1 0.4 3.88207
0 0.6 3.93226
0.00393701 0.6 0
0.00787402 0.6 0
0.011811 0.6 3.12718
0.015748 0.6 3.88611
0.019685 0.6 0
0.023622 0.6 0
0.0275591 0.6 0
0.0314961 0.6 0
0.0354331 0.6 0
0.0393701 0.6 0
0.0433071 0.6 0
0.0472441 0.6 0
0.0511811 0.6 0
0.0551181 0.6 0
0.0590551 0.6 3.47244
0.0629921 0.6 2.50378
0.0669291 0.6 0
0.0708661 0.6 0
0.0748032 0.6 0
0.0787402 0.6 0
0.0826772 0.6 0
0.0866142 0.6 0
0.0905512 0.6 0
0.0944882 0.6 4.46534
0.0984252 0.6 4.04427
0.102362 0.6 0
0.106299 0.6 0
0.110236 0.6 0
0.114173 0.6 0
0.11811 0.6 0
0.122047 0.6 0
0.125984 0.6 0
0.129921 0.6 2.35899
0.133858 0.6 3.66335
0.137795 0.6 0
0.141732 0.6 0
0.145669 0.6 0
0.149606 0.6 0
0.153543 0.6 0
0.15748 0.6 0
0.161417 0.6 0
0.165354 0.6 0
0.169291 0.6 3.70031
0.173228 0.6 3.25329
0.177165 0.6 0
0.181102 0.6 0
0.185039 0.6 0
0.188976 0.6 0
0.192913 0.6 0
0.19685 0.6 0
0.200787 0.6 0
0.204724 0.6 4.7185
0.208661 0.6 1.86081
0.212598 0.6 0
0.216535 0.6 0
0.220472 0.6 0
0.224409 0.6 4.7964
0.228346 0.6 0
0.232283 0.6 0
0.23622 0.6 0
0.240157 0.6 0
0.244094 0.6 0
0.248031 0.6 0
0.251969 0.6 0
0.255906 0.6 3.223
0.259843 0.6 0
0.26378 0.6 3.74099
0.267717 0.6 0
0.271654 0.6 0
0.275591 0.6 0
0.279528 0.6 0
0.283465 0.6 0
0.287402 0.6 0
0.291339 0.6 0
0.295276 0.6 0
0.299213 0.6 2.05092
0.30315 0.6 2.78448
0.307087 0.6 3.3397
0.311024 0.6 3.8303
0.314961 0.6 0
0.318898 0.6 0
0.322835 0.6 0
0.326772 0.6 0
0.330709 0.6 0
0.334646 0.6 0
0.338583 0.6 3.94948
0.34252 0.6 0
0.346457 0.6 0
0.350394 0.6 0
0.354331 0.6 0
0.358268 0.6 4.32831
0.362205 0.6 0
0.366142 0.6 0
0.370079 0.6 0
0.374016 0.6 0
0.377953 0.6 3.47332
0.38189 0.6 0
0.385827 0.6 0
0.389764 0.6 2.08334
0.393701 0.6 3.8258
0.397638 0.6 0
0.401575 0.6 2.6008
0.405512 0.6 0
0.409449 0.6 0
0.413386 0.6 0
0.417323 0.6 3.84382
0.42126 0.6 4.52553
0.425197 0.6 0
0.429134 0.6 1.68192
0.433071 0.6 0
0.437008 0.6 2.89336
0.440945 0.6 0
0.444882 0.6 4.27828
0.448819 0.6 0
0.452756 0.6 4.86767
0.456693 0.6 0
0.46063 0.6 0
0.464567 0.6 0
0.468504 0.6 1.72797
0.472441 0.6 0
0.476378 0.6 0
0.480315 0.6 3.33994
0.484252 0.6 0
0.488189 0.6 0
0.492126 0.6 4.76898
0.496063 0.6 4.91672
0.5 0.6 0
0.503937 0.6 0
0.507874 0.6 3.8799
0.511811 0.6 3.29953
0.515748 0.6 0
0.519685 0.6 0
0.523622 0.6 1.24564
0.527559 0.6 0
0.531496 0.6 0
0.535433 0.6 0
0.53937 0.6 3.92799
0.543307 0.6 0
0.547244 0.6 2.66733
0.551181 0.6 0
0.555118 0.6 0
0.559055 0.6 0
0.562992 0.6 3.3226
0.566929 0.6 2.57055
0.570866 0.6 0
0.574803 0.6 0
0.57874 0.6 3.21295
0.582677 0.6 0
0.586614 0.6 3.91729
0.590551 0.6 0
0.594488 0.6 4.9446
0.598425 0.6 0
0.602362 0.6 0
0.606299 0.6 0
0.610236 0.6 4.16787
0.614173 0.6 3.51725
0.61811 0.6 0
0.622047 0.6 0
0.625984 0.6 0
0.629921 0.6 0
0.633858 0.6 0
0.637795 0.6 4.07455
0.641732 0.6 2.42701
0.645669 0.6 0
0.649606 0.6 0
0.653543 0.6 3.78824
0.65748 0.6 1.89129
0.661417 0.6 0
0.665354 0.6 0
0.669291 0.6 0
0.673228 0.6 0
0.677165 0.6 0
0.681102 0.6 0
0.685039 0.6 4.54394
0.688976 0.6 0
0.692913 0.6 3.42724
0.69685 0.6 3.87632
0.700787 0.6 2.60945
0.704724 0.6 4.21353
0.708661 0.6 0
0.712598 0.6 0
0.716535 0.6 0
0.720472 0.6 0
0.724409 0.6 0
0.728346 0.6 0
0.732283 0.6 2.32406
0.73622 0.6 1.53945
0.740157 0.6 0
0.744094 0.6 0
0.748031 0.6 0
0.751969 0.6 0
0.755906 0.6 4.44791
0.759843 0.6 0
0.76378 0.6 4.29325
0.767717 0.6 0
0.771654 0.6 0
0.775591 0.6 0
0.779528 0.6 0
0.783465 0.6 2.86708
0.787402 0.6 0
0.791339 0.6 0
0.795276 0.6 0
0.799213 0.6 0
0.80315 0.6 0
0.807087 0.6 0
0.811024 0.6 2.97509
0.814961 0.6 0
0.818898 0.6 0
0.822835 0.6 0
0.826772 0.6 0
0.830709 0.6 0
0.834646 0.6 0
0.838583 0.6 0
0.84252 0.6 0
0.846457 0.6 2.60431
0.850394 0.6 3.11528
0.854331 0.6 0
0.858268 0.6 0
0.862205 0.6 2.94526
0.866142 0.6 0
0.870079 0.6 0
0.874016 0.6 0
0.877953 0.6 0
0.88189 0.6 0
0.885827 0.6 4.62404
0.889764 0.6 0
0.893701 0.6 0
0.897638 0.6 4.12982
0.901575 0.6 0
0.905512 0.6 0
0.909449 0.6 0
0.913386 0.6 0
0.917323 0.6 1.88003
0.92126 0.6 0
0.925197 0.6 0
0.929134 0.6 0
0.933071 0.6 4.42865
0.937008 0.6 2.93041
0.940945 0.6 4.98512
0.944882 0.6 0
0.948819 0.6 0
0.952756 0.6 0
0.956693 0.6 0
0.96063 0.6 2.6659
0.964567 0.6 4.38823
0.968504 0.6 0
0.972441 0.6 0
0.976378 0.6 0
0.980315 0.6 0
0.984252 0.6 2.45773
0.988189 0.6 0
0.992126 0.6 0
0.996063 0.6 0
1 0.6 3.88207
0 0.8 3.93226
0.00393701 0.8 0
0.00787402 0.8 0
0.011811 0.8 3.12718
0.015748 0.8 3.88611
0.019685 0.8 0
0.023622 0.8 0
0.0275591 0.8 0
0.0314961 0.8 0
0.0354331 0.8 0
0.0393701 0.8 0
0.0433071 0.8 0
0.0472441 0.8 0
0.0511811 0.8 0
0.0551181 0.8 0
0.0590551 0.8 3.47244
0.0629921 0.8 2.50378
0.0669291 0.8 0
0.0708661 0.8 0
0.0748032 0.8 0
0.0787402 0.8 0
0.0826772 0.8 0
0.0866142 0.8 0
0.0905512 0.8 0
0.0944882 0.8 4.46534
0.0984252 0.8 4.04427
0.102362 0.8 0
0.106299 0.8 0
0.110236 0.8 0
0.114173 0.8 0
0.11811 0.8 0
0.122047 0.8 0
0.125984 0.8 0
0.129921 0.8 2.35899
0.133858 0.8 3.66335
0.137795 0.8 0
0.141732 0.8 0
0.145669 0.8 0
0.149606 0.8 0
0.153543 0.8 0
0.15748 0.8 0
0.161417 0.8 0
0.165354 0.8 0
0.169291 0.8 3.70031
0.173228 0.8 3.25329
0.177165 0.8 0
0.181102 0.8 0
0.185039 0.8 0
0.188976 0.8 0
0.192913 0.8 0
0.19685 0.8 0
0.200787 0.8 0
0.204724 0.8 4.7185
0.208661 0.8 1.86081
0.212598 0.8 0
0.216535 0.8 0
0.220472 0.8 0
0.224409 0.8 4.7964
0.228346 0.8 0
0.232283 0.8 0
0.23622 0.8 0
0.240157 0.8 0
0.244094 0.8 0
0.248031 0.8 0
0.251969 0.8 0
0.255906 0.8 3.223
0.259843 0.8 0
0.26378 0.8 3.74099
0.267717 0.8 0
0.271654 0.8 0
0.275591 0.8 0
0.279528 0.8 0
0.283465 0.8 0
0.287402 0.8 0
0.291339 0.8 0
0.295276 0.8 0
0.299213 0.8 2.05092
0.30315 0.8 2.78448
0.307087 0.8 3.3397
0.311024 0.8 3.8303
0.314961 0.8 0
0.318898 0.8 0
0.322835 0.8 0
0.326772 0.8 0
0.330709 0.8 0
0.334646 0.8 0
0.338583 0.8 3.94948
0.34252 0.8 0
0.346457 0.8 0
0.350394 0.8 0
0.354331 0.8 0
0.358268 0.8 4.32831
0.362205 0.8 0
0.366142 0.8 0
0.370079 0.8 0
0.374016 0.8 0
0.377953 0.8 3.47332
0.38189 0.8 0
0.385827 0.8 0
0.389764 0.8 2.08334
0.393701 0.8 3.8258
0.397638 0.8 0
0.401575 0.8 2.6008
0.405512 0.8 0
0.409449 0.8 0
0.413386 0.8 0
0.417323 0.8 3.84382
0.42126 0.8 4.52553
0.425197 0.8 0
0.429134 0.8 1.68192
0.433071 0.8 0
0.437008 0.8 2.89336
0.440945 0.8 0
0.444882 0.8 4.27828
0.448819 0.8 0
0.452756 0.8 4.86767
0.456693 0.8 0
0.46063 0.8 0
0.464567 0.8 0
0.468504 0.8 1.72797
0.472441 0.8 0
0.476378 0.8 0
0.480315 0.8 3.33994
0.484252 0.8 0
0.488189 0.8 0
0.492126 0.8 4.76898
0.496063 0.8 4.91672
0.5 0.8 0
0.503937 0.8 0
0.507874 0.8 3.8799
0.511811 0.8 3.29953
0.515748 0.8 0
0.519685 0.8 0
0.523622 0.8 1.24564
0.527559 0.8 0
0.531496 0.8 0
0.535433 0.8 0
0.53937 0.8 3.92799
0.543307 0.8 0
0.547244 0.8 2.66733
0.551181 0.8 0
0.555118 0.8 0
0.559055 0.8 0
0.562992 0.8 3.3226
0.566929 0.8 2.57055
0.570866 0.8 0
0.574803 0.8 0
0.57874 0.8 3.21295
0.582677 0.8 0
0.586614 0.8 3.91729
0.590551 0.8 0
0.594488 0.8 4.9446
0.598425 0.8 0
0.602362 0.8 0
0.606299 0.8 0
0.610236 0.8 4.16787
0.614173 0.8 3.51725
0.61811 0.8 0
0.622047 0.8 0
0.625984 0.8 0
0.629921 0.8 0
0.633858 0.8 0
0.637795 0.8 4.07455
0.641732 0.8 2.42701
0.645669 0.8 0
0.649606 0.8 0
0.653543 0.8 3.78824
0.65748 0.8 1.89129
0.661417 0.8 0
0.665354 0.8 0
0.669291 0.8 0
0.673228 0.8 0
0.677165 0.8 0
0.681102 0.8 0
0.685039 0.8 4.54394
0.688976 0.8 0
0.692913 0.8 3.42724
0.69685 0.8 3.87632
0.700787 0.8 2.60945
0.704724 0.8 4.21353
0.708661 0.8 0
0.712598 0.8 0
0.716535 0.8 0
0.720472 0.8 0
0.724409 0.8 0
0.728346 0.8 0
0.732283 0.8 2.32406
0.73622 0.8 1.53945
0.740157 0.8 0
0.744094 0.8 0
0.748031 0.8 0
0.751969 0.8 0
0.755906 0.8 4.44791
0.759843 0.8 0
0.76378 0.8 4.29325
0.767717 0.8 0
0.771654 0.8 0
0.775591 0.8 0
0.779528 0.8 0
0.783465 0.8 2.86708
0.787402 0.8 0
0.791339 0.8 0
0.795276 0.8 0
0.799213 0.8 0
0.80315 0.8 0
0.807087 0.8 0
0.811024 0.8 2.97509
0.814961 0.8 0
0.818898 0.8 0
0.822835 0.8 0
0.826772 0.8 0
0.830709 0.8 0
0.834646 0.8 0
0.838583 0.8 0
0.84252 0.8 0
0.846457 0.8 2.60431
0.850394 0.8 3.11528
0.854331 0.8 0
0.858268 0.8 0
0.862205 0.8 2.94526
0.866142 0.8 0
0.870079 0.8 0
0.874016 0.8 0
0.877953 0.8 0
0.88189 0.8 0
0.885827 0.8 4.62404
0.889764 0.8 0
0.893701 0.8 0
0.897638 0.8 4.12982
0.901575 0.8 0
0.905512 0.8 0
0.909449 0.8 0
0.913386 0.8 0
0.917323 0.8 1.88003
0.92126 0.8 0
0.925197 0.8 0
0.929134 0.8 0
0.933071 0.8 4.42865
0.937008 0.8 2.93041
0.940945 0.8 4.98512
0.944882 0.8 0
0.948819 0.8 0
0.952756 0.8 0
0.956693 0.8 0
0.96063 0.8 2.6659
0.964567 0.8 4.38823
0.968504 0.8 0
0.972441 0.8 0
0.976378 0.8 0
0.980315 0.8 0
0.984252 0.8 2.45773
0.988189 0.8 0
0.992126 0.8 0
0.996063 0.8 0
1 0.8 3.88207
0 1 3.93226
0.00393701 1 0
0.00787402 1 0
0.011811 1 3.12718
0.015748 1 3.88611
0.019685 1 0
0.023622 1 0
0.0275591 1 0
0.0314961 1 0
0.0354331 1 0
0.0393701 1 0
0.0433071 1 0
0.0472441 1 0
0.0511811 1 0
0.0551181 1 0
0.0590551 1 3.47244
0.0629921 1 2.50378
0.0669291 1 0
0.0708661 1 0
0.0748032 1 0
0.0787402 1 0
0.0826772 1 0
0.0866142 1 0
0.0905512 1 0
0.0944882 1 4.46534
0.0984252 1 4.04427
0.102362 1 0
0.106299 1 0
0.110236 1 0
0.114173 1 0
0.11811 1 0
0.122047 1 0
0.125984 1 0
0.129921 1 2.35899
0.133858 1 3.66335
0.137795 1 0
0.141732 1 0
0.145669 1 0
0.149606 1 0
0.153543 1 0
0.15748 1 0
0.161417 1 0
0.165354 1 0
0.169291 1 3.70031
0.173228 1 3.25329
0.177165 1 0
0.181102 1 0
0.185039 1 0
0.188976 1 0
0.192913 1 0
0.19685 1 0
0.200787 1 0
0.204724 1 4.7185
0.208661 1 1.86081
0.212598 1 0
0.216535 1 0
0.220472 1 0
0.224409 1 4.7964
0.228346 1 0
0.232283 1 0
0.23622 1 0
0.240157 1 0
0.244094 1 0
0.248031 1 0
0.251969 1 0
0.255906 1 3.223
0.259843 1 0
0.26378 1 3.74099
0.267717 1 0
0.271654 1 0
0.275591 1 0
0.279528 1 0
0.283465 1 0
0.287402 1 0
0.291339 1 0
0.295276 1 0
0.299213 1 2.05092
0.30315 1 2.78448
0.307087 1 3.3397
0.311024 1 3.8303
0.314961 1 0
0.318898 1 0
0.322835 1 0
0.326772 1 0
0.330709 1 0
0.334646 1 0
0.338583 1 3.94948
0.34252 1 0
0.346457 1 0
0.350394 1 0
0.354331 1 0
0.358268 1 4.32831
0.362205 1 0
0.366142 1 0
0.370079 1 0
0.374016 1 0
0.377953 1 3.47332
0.38189 1 0
0.385827 1 0
0.389764 1 2.08334
0.393701 1 3.8258
0.397638 1 0
0.401575 1 2.6008
0.405512 1 0
0.409449 1 0
0.413386 1 0
0.417323 1 3.84382
0.42126 1 4.52553
0.425197 1 0
0.429134 1 1.68192
0.433071 1 0
0.437008 1 2.89336
0.440945 1 0
0.444882 1 4.27828
0.448819 1 0
0.452756 1 4.86767
0.456693 1 0
0.46063 1 0
0.464567 1 0
0.468504 1 1.72797
0.472441 1 0
0.476378 1 0
0.480315 1 3.33994
0.484252 1 0
0.488189 1 0
0.492126 1 4.76898
0.496063 1 4.91672
0.5 1 0
0.503937 1 0
0.507874 1 3.8799
0.511811 1 3.29953
0.515748 1 0
0.519685 1 0
0.523622 1 1.24564
0.527559 1 0
0.531496 1 0
0.535433 1 0
0.53937 1 3.92799
0.543307 1 0
0.547244 1 2.66733
0.551181 1 0
0.555118 1 0
0.559055 1 0
0.562992 1 3.3226
0.566929 1 2.57055
0.570866 1 0
0.574803 1 0
0.57874 1 3.21295
0.582677 1 0
0.586614 1 3.91729
0.590551 1 0
0.594488 1 4.9446
0.598425 1 0
0.602362 1 0
0.606299 1 0
0.610236 1 4.16787
0.614173 1 3.51725
0.61811 1 0
0.622047 1 0
0.625984 1 0
0.629921 1 0
0.633858 1 0
0.637795 1 4.07455
0.641732 1 2.42701
0.645669 1 0
0.649606 1 0
0.653543 1 3.78824
0.65748 1 1.89129
0.661417 1 0
0.665354 1 0
0.669291 1 0
0.673228 1 0
0.677165 1 0
0.681102 1 0
0.685039 1 4.54394
0.688976 1 0
0.692913 1 3.42724
0.69685 1 3.87632
0.700787 1 2.60945
0.704724 1 4.21353
0.708661 1 0
0.712598 1 0
0.716535 1 0
0.720472 1 0
0.724409 1 0
0.728346 1 0
0.732283 1 2.32406
0.73622 1 1.53945
0.740157 1 0
0.744094 1 0
0.748031 1 0
0.751969 1 0
0.755906 1 4.44791
0.759843 1 0
0.76378 1 4.29325
0.767717 1 0
0.771654 1 0
0.775591 1 0
0.779528 1 0
0.783465 1 2.86708
0.787402 1 0
0.791339 1 0
0.795276 1 0
0.799213 1 0
0.80315 1 0
0.807087 1 0
0.811024 1 2.97509
0.814961 1 0
0.818898 1 0
0.822835 1 0
0.826772 1 0
0.830709 1 0
0.834646 1 0
0.838583 1 0
0.84252 1 0
0.846457 1 2.60431
0.850394 1 3.11528
0.854331 1 0
0.858268 1 0
0.862205 1 2.94526
0.866142 1 0
0.870079 1 0
0.874016 1 0
0.877953 1 0
0.88189 1 0
0.885827 1 4.62404
0.889764 1 0
0.893701 1 0
0.897638 1 4.12982
0.901575 1 0
0.905512 1 0
0.909449 1 0
0.913386 1 0
0.917323 1 1.88003
0.92126 1 0
0.925197 1 0
0.929134 1 0
0.933071 1 4.42865
0.937008 1 2.93041
0.940945 1 4.98512
0.944882 1 0
0.948819 1 0
0.952756 1 0
0.956693 1 0
0.96063 1 2.6659
0.964567 1 4.38823
0.968504 1 0
0.972441 1 0
0.976378 1 0
0.980315 1 0
0.984252 1 2.45773
0.988189 1 0
0.992126 1 0
0.996063 1 0
1 1 3.88207
0 1.2 3.93226
0.00393701 1.2 0
0.00787402 1.2 0
0.011811 1.2 3.12718
0.015748 1.2 3.88611
0.019685 1.2 0
0.023622 1.2 0
0.0275591 1.2 0
0.0314961 1.2 0
0.0354331 1.2 0
0.0393701 1.2 0
0.0433071 1.2 0
0.0472441 1.2 0
0.0511811 1.2 0
0.0551181 1.2 0
0.0590551 1.2 3.47244
0.0629921 1.2 2.50378
0.0669291 1.2 0
0.0708661 1.2 0
0.0748032 1.2 0
0.0787402 1.2 0
0.0826772 1.2 0
0.0866142 1.2 0
0.0905512 1.2 0
0.0944882 1.2 4.46534
0.0984252 1.2 4.04427
0.102362 1.2 0
0.106299 1.2 0
0.110236 1.2 0
0.114173 1.2 0
0.11811 1.2 0
0.122047 1.2 0
0.125984 1.2 0
0.129921 1.2 2.35899
0.133858 1.2 3.66335
0.137795 1.2 0
0.141732 1.2 0
0.145669 1.2 0
0.149606 1.2 0
0.153543 1.2 0
0.15748 1.2 0
0.161417 1.2 0
0.165354 1.2 0
0.169291 1.2 3.70031
0.173228 1.2 3.25329
0.177165 1.2 0
0.181102 1.2 0
0.185039 1.2 0
0.188976 1.2 0
0.192913 1.2 0
0.19685 1.2 0
0.200787 1.2 0
0.204724 1.2 4.7185
0.208661 1.2 1.86081
0.212598 1.2 0
0.216535 1.2 0
0.220472 1.2 0
0.224409 1.2 4.7964
0.228346 1.2 0
0.232283 1.2 0
0.23622 1.2 0
0.240157 1.2 0
0.244094 1.2 0
0.248031 1.2 0
0.251969 1.2 0
0.255906 1.2 3.223
0.259843 1.2 0
0.26378 1.2 3.74099
0.267717 1.2 0
0.271654 1.2 0
0.275591 1.2 0
0.279528 1.2 0
0.283465 1.2 0
0.287402 1.2 0
0.291339 1.2 0
0.295276 1.2 0
0.299213 1.2 2.05092
0.30315 1.2 2.78448
0.307087 1.2 3.3397
0.311024 1.2 3.8303
0.314961 1.2 0
0.318898 1.2 0
0.322835 1.2 0
0.326772 1.2 0
0.330709 1.2 0
0.334646 1.2 0
0.338583 1.2 3.94948
0.34252 1.2 0
0.346457 1.2 0
0.350394 1.2 0
0.354331 1.2 0
0.358268 1.2 4.32831
0.362205 1.2 0
0.366142 1.2 0
0.370079 1.2 0
0.374016 1.2 0
0.377953 1.2 3.47332
0.38189 1.2 0
0.385827 1.2 0
0.389764 1.2 2.08334
0.393701 1.2 3.8258
0.397638 1.2 0
0.401575 1.2 2.6008
0.405512 1.2 0
0.409449 1.2 0
0.413386 1.2 0
0.417323 1.2 3.84382
0.42126 1.2 4.52553
0.425197 1.2 0
0.429134 1.2 1.68192
0.433071 1.2 0
0.437008 1.2 2.89336
0.440945 1.2 0
0.444882 1.2 4.27828
0.448819 1.2 0
0.452756 1.2 4.86767
0.456693 1.2 0
0.46063 1.2 0
0.464567 1.2 0
0.468504 1.2 1.72797
0.472441 1.2 0
0.476378 1.2 0
0.480315 1.2 3.33994
0.484252 1.2 0
0.488189 1.2 0
0.492126 1.2 4.76898
0.496063 1.2 4.91672
0.5 1.2 0
0.503937 1.2 0
0.507874 1.2 3.8799
0.511811 1.2 3.29953
0.515748 1.2 0
0.519685 1.2 0
0.523622 1.2 1.24564
0.527559 1.2 0
0.531496 1.2 0
0.535433 1.2 0
0.53937 1.2 3.92799
0.543307 1.2 0
0.547244 1.2 2.66733
0.551181 1.2 0
0.555118 1.2 0
0.559055 1.2 0
0.562992 1.2 3.3226
0.566929 1.2 2.57055
0.570866 1.2 0
0.574803 1.2 0
0.57874 1.2 3.21295
0.582677 1.2 0
0.586614 1.2 3.91729
0.590551 1.2 0
0.594488 1.2 4.9446
0.598425 1.2 0
0.602362 1.2 0
0.606299 1.2 0
0.610236 1.2 4.16787
0.614173 1.2 3.51725
0.61811 1.2 0
0.622047 1.2 0
0.625984 1.2 0
0.629921 1.2 0
0.633858 1.2 0
0.637795 1.2 4.07455
0.641732 1.2 2.42701
0.645669 1.2 0
0.649606 1.2 0
0.653543 1.2 3.78824
0.65748 1.2 1.89129
0.661417 1.2 0
0.665354 1.2 0
0.669291 1.2 0
0.673228 1.2 0
0.677165 1.2 0
0.681102 1.2 0
0.685039 1.2 4.54394
0.688976 1.2 0
0.692913 1.2 3.42724
0.69685 1.2 3.87632
0.700787 1.2 2.60945
0.704724 1.2 4.21353
0.708661 1.2 0
0.712598 1.2 0
0.716535 1.2 0
0.720472 1.2 0
0.724409 1.2 0
0.728346 1.2 0
0.732283 1.2 2.32406
0.73622 1.2 1.53945
0.740157 1.2 0
0.744094 1.2 0
0.748031 1.2 0
0.751969 1.2 0
0.755906 1.2 4.44791
0.759843 1.2 0
0.76378 1.2 4.29325
0.767717 1.2 0
0.771654 1.2 0
0.775591 1.2 0
0.779528 1.2 0
0.783465 1.2 2.86708
0.787402 1.2 0
0.791339 1.2 0
0.795276 1.2 0
0.799213 1.2 0
0.80315 1.2 0
0.807087 1.2 0
0.811024 1.2 2.97509
0.814961 1.2 0
0.818898 1.2 0
0.822835 1.2 0
0.826772 1.2 0
0.830709 1.2 0
0.834646 1.2 0
0.838583 1.2 0
0.84252 1.2 0
0.846457 1.2 2.60431
0.850394 1.2 3.11528
0.854331 1.2 0
0.858268 1.2 0
0.862205 1.2 2.94526
0.866142 1.2 0
0.870079 1.2 0
0.874016 1.2 0
0.877953 1.2 0
0.88189 1.2 0
0.885827 1.2 4.62404
0.889764 1.2 0
0.893701 1.2 0
0.897638 1.2 4.12982
0.901575 1.2 0
0.905512 1.2 0
0.909449 1.2 0
0.913386 1.2 0
0.917323 1.2 1.88003
0.92126 1.2 0
0.925197 1.2 0
0.929134 1.2 0
0.933071 1.2 4.42865
0.937008 1.2 2.93041
0.940945 1.2 4.98512
0.944882 1.2 0
0.948819 1.2 0
0.952756 1.2 0
0.956693 1.2 0
0.96063 1.2 2.6659
0.964567 1.2 4.38823
0.968504 1.2 0
0.972441 1.2 0
0.976378 1.2 0
0.980315 1.2 0
0.984252 1.2 2.45773
0.988189 1.2 0
0.992126 1.2 0
0.996063 1.2 0
1 1.2 3.88207
0 1.4 3.93226
0.00393701 1.4 0
0.00787402 1.4 0
0.011811 1.4 3.12718
0.015748 1.4 3.88611
0.019685 1.4 0
0.023622 1.4 0
0.0275591 1.4 0
0.0314961 1.4 0
0.0354331 1.4 0
0.0393701 1.4 0
0.0433071 1.4 0
0.0472441 1.4 0
0.0511811 1.4 0
0.0551181 1.4 0
0.0590551 1.4 3.47244
0.0629921 1.4 2.50378
0.0669291 1.4 0
0.0708661 1.4 0
0.0748032 1.4 0
0.0787402 1.4 0
0.0826772 1.4 0
0.0866142 1.4 0
0.0905512 1.4 0
0.0944882 1.4 4.46534
0.0984252 1.4 4.04427
0.102362 1.4 0
0.106299 1.4 0
0.110236 1.4 0
0.114173 1.4 0
0.11811 1.4 0
0.122047 1.4 0
0.125984 1.4 0
0.129921 1.4 2.35899
0.133858 1.4 3.66335
0.137795 1.4 0
0.141732 1.4 0
0.145669 1.4 0
0.149606 1.4 0
0.153543 1.4 0
0.15748 1.4 0
0.161417 1.4 0
0.165354 1.4 0
0.169291 1.4 3.70031
0.173228 1.4 3.25329
0.177165 1.4 0
0.181102 1.4 0
0.185039 1.4 0
0.188976 1.4 0
0.192913 1.4 0
0.19685 1.4 0
0.200787 1.4 0
0.204724 1.4 4.7185
0.208661 1.4 1.86081
0.212598 1.4 0
0.216535 1.4 0
0.220472 1.4 0
0.224409 1.4 4.7964
0.228346 1.4 0
0.232283 1.4 0
0.23622 1.4 0
0.240157 1.4 0
0.244094 1.4 0
0.248031 1.4 0
0.251969 1.4 0
0.255906 1.4 3.223
0.259843 1.4 0
0.26378 1.4 3.74099
0.267717 1.4 0
0.271654 1.4 0
0.275591 1.4 0
0.279528 1.4 0
0.283465 1.4 0
0.287402 1.4 0
0.291339 1.4 0
0.295276 1.4 0
0.299213 1.4 2.05092
0.30315 1.4 2.78448
0.307087 1.4 3.3397
0.311024 1.4 3.8303
0.314961 1.4 0
0.318898 1.4 0
0.322835 1.4 0
0.326772 1.4 0
0.330709 1.4 0
0.334646 1.4 0
0.338583 1.4 3.94948
0.34252 1.4 0
0.346457 1.4 0
0.350394 1.4 0
0.354331 1.4 0
0.358268 1.4 4.32831
0.362205 1.4 0
0.366142 1.4 0
0.370079 1.4 0
0.374016 1.4 0
0.377953 1.4 3.47332
0.38189 1.4 0
0.385827 1.4 0
0.389764 1.4 2.08334
0.393701 1.4 3.8258
0.397638 1.4 0
0.401575 1.4 2.6008
0.405512 1.4 0
0.409449 1.4 0
0.413386 1.4 0
0.417323 1.4 3.84382
0.42126 1.4 4.52553
0.425197 1.4 0
0.429134 1.4 1.68192
0.433071 1.4 0
0.437008 1.4 2.89336
0.440945 1.4 0
0.444882 1.4 4.27828
0.448819 1.4 0
0.452756 1.4 4.86767
0.456693 1.4 0
0.46063 1.4 0
0.464567 1.4 0
0.468504 1.4 1.72797
0.472441 1.4 0
0.476378 1.4 0
0.480315 1.4 3.33994
0.484252 1.4 0
0.488189 1.4 0
0.492126 1.4 4.76898
0.496063 1.4 4.91672
0.5 1.4 0
0.503937 1.4 0
0.507874 1.4 3.8799
0.511811 1.4 3.29953
0.515748 1.4 0
0.519685 1.4 0
0.523622 1.4 1.24564
0.527559 1.4 0
0.531496 1.4 0
0.535433 1.4 0
0.53937 1.4 3.92799
0.543307 1.4 0
0.547244 1.4 2.66733
0.551181 1.4 0
0.555118 1.4 0
0.559055 1.4 0
0.562992 1.4 3.3226
0.566929 1.4 2.57055
0.570866 1.4 0
0.574803 1.4 0
0.57874 1.4 3.21295
0.582677 1.4 0
0.586614 1.4 3.91729
0.590551 1.4 0
0.594488 1.4 4.9446
0.598425 1.4 0
0.602362 1.4 0
0.606299 1.4 0
0.610236 1.4 4.16787
0.614173 1.4 3.51725
0.61811 1.4 0
0.622047 1.4 0
0.625984 1.4 0
0.629921 1.4 0
0.633858 1.4 0
0.637795 1.4 4.07455
0.641732 1.4 2.42701
0.645669 1.4 0
0.649606 1.4 0
0.653543 1.4 3.78824
0.65748 1.4 1.89129
0.661417 1.4 0
0.665354 1.4 0
0.669291 1.4 0
0.673228 1.4 0
0.677165 1.4 0
0.681102 1.4 0
0.685039 1.4 4.54394
0.688976 1.4 0
0.692913 1.4 3.42724
0.69685 1.4 3.87632
0.700787 1.4 2.60945
0.704724 1.4 4.21353
0.708661 1.4 0
0.712598 1.4 0
0.716535 1.4 0
0.720472 1.4 0
0.724409 1.4 0
0.728346 1.4 0
0.732283 1.4 2.32406
0.73622 1.4 1.53945
0.740157 1.4 0
0.744094 1.4 0
0.748031 1.4 0
0.751969 1.4 0
0.755906 1.4 4.44791
0.759843 1.4 0
0.76378 1.4 4.29325
0.767717 1.4 0
0.771654 1.4 0
0.775591 1.4 0
0.779528 1.4 0
0.783465 1.4 2.86708
0.787402 1.4 0
0.791339 1.4 0
0.795276 1.4 0
0.799213 1.4 0
0.80315 1.4 0
0.807087 1.4 0
0.811024 1.4 2.97509
0.814961 1.4 0
0.818898 1.4 0
0.822835 1.4 0
0.826772 1.4 0
0.830709 1.4 0
0.834646 1.4 0
0.838583 1.4 0
0.84252 1.4 0
0.846457 1.4 2.60431
0.850394 1.4 3.11528
0.854331 1.4 0
0.858268 1.4 0
0.862205 1.4 2.94526
0.866142 1.4 0
0.870079 1.4 0
0.874016 1.4 0
0.877953 1.4 0
0.88189 1.4 0
0.885827 1.4 4.62404
0.889764 1.4 0
0.893701 1.4 0
0.897638 1.4 4.12982
0.901575 1.4 0
0.905512 1.4 0
0.909449 1.4 0
0.913386 1.4 0
0.917323 1.4 1.88003
0.92126 1.4 0
0.925197 1.4 0
0.929134 1.4 0
0.933071 1.4 4.42865
0.937008 1.4 2.93041
0.940945 1.4 4.98512
0.944882 1.4 0
0.948819 1.4 0
0.952756 1.4 0
0.956693 1.4 0
0.96063 1.4 2.6659
0.964567 1.4 4.38823
0.968504 1.4 0
0.972441 1.4 0
0.976378 1.4 0
0.980315 1.4 0
0.984252 1.4 2.45773
0.988189 1.4 0
0.992126 1.4 0
0.996063 1.4 0
1 1.4 3.88207
0 1.6 3.93226
0.00393701 1.6 0
0.00787402 1.6 0
0.011811 1.6 3.12718
0.015748 1.6 3.88611
0.019685 1.6 0
0.023622 1.6 0
0.0275591 1.6 0
0.0314961 1.6 0
0.0354331 1.6 0
0.0393701 1.6 0
0.0433071 1.6 0
0.0472441 1.6 0
0.0511811 1.6 0
0.0551181 1.6 0
0.0590551 1.6 3.47244
0.0629921 1.6 2.50378
0.0669291 1.6 0
0.0708661 1.6 0
0.0748032 1.6 0
0.0787402 1.6 0
0.0826772 1.6 0
0.0866142 1.6 0
0.0905512 1.6 0
0.0944882 1.6 4.46534
0.0984252 1.6 4.04427
0.102362 1.6 0
0.106299 1.6 0
0.110236 1.6 0
0.114173 1.6 0
0.11811 1.6 0
0.122047 1.6 0
0.125984 1.6 0
0.129921 1.6 2.35899
0.133858 1.6 3.66335
0.137795 1.6 0
0.141732 1.6 0
0.145669 1.6 0
0.149606 1.6 0
0.153543 1.6 0
0.15748 1.6 0
0.161417 1.6 0
0.165354 1.6 0
0.169291 1.6 3.70031
0.173228 1.6 3.25329
0.177165 1.6 0
0.181102 1.6 0
0.185039 1.6 0
0.188976 1.6 0
0.192913 1.6 0
0.19685 1.6 0
0.200787 1.6 0
0.204724 1.6 4.7185
0.208661 1.6 1.86081
0.212598 1.6 0
0.216535 1.6 0
0.220472 1.6 0
0.224409 1.6 4.7964
0.228346 1.6 0
0.232283 1.6 0
0.23622 1.6 0
0.240157 1.6 0
0.244094 1.6 0
0.248031 1.6 0
0.251969 1.6 0
0.255906 1.6 3.223
0.259843 1.6 0
0.26378 1.6 3.74099
0.267717 1.6 0
0.271654 1.6 0
0.275591 1.6 0
0.279528 1.6 0
0.283465 1.6 0
0.287402 1.6 0
0.291339 1.6 0
0.295276 1.6 0
0.299213 1.6 2.05092
0.30315 1.6 2.78448
0.307087 1.6 3.3397
0.311024 1.6 3.8303
0.314961 1.6 0
0.318898 1.6 0
0.322835 1.6 0
0.326772 1.6 0
0.330709 1.6 0
0.334646 1.6 0
0.338583 1.6 3.94948
0.34252 1.6 0
0.346457 1.6 0
0.350394 1.6 0
0.354331 1.6 0
0.358268 1.6 4.32831
0.362205 1.6 0
0.366142 1.6 0
0.370079 1.6 0
0.374016 1.6 0
0.377953 1.6 3.47332
0.38189 1.6 0
0.385827 1.6 0
0.389764 1.6 2.08334
0.393701 1.6 3.8258
0.397638 1.6 0
0.401575 1.6 2.6008
0.405512 1.6 0
0.409449 1.6 0
0.413386 1.6 0
0.417323 1.6 3.84382
0.42126 1.6 4.52553
0.425197 1.6 0
0.429134 1.6 1.68192
0.433071 1.6 0
0.437008 1.6 2.89336
0.440945 1.6 0
0.444882 1.6 4.27828
0.448819 1.6 0
0.452756 1.6 4.86767
0.456693 1.6 0
0.46063 1.6 0
0.464567 1.6 0
0.468504 1.6 1.72797
0.472441 1.6 0
0.476378 1.6 0
0.480315 1.6 3.33994
0.484252 1.6 0
0.488189 1.6 0
0.492126 1.6 4.76898
0.496063 1.6 4.91672
0.5 1.6 0
0.503937 1.6 0
0.507874 1.6 3.8799
0.511811 1.6 3.29953
0.515748 1.6 0
0.519685 1.6 0
0.523622 1.6 1.24564
0.527559 1.6 0
0.531496 1.6 0
0.535433 1.6 0
0.53937 1.6 3.92799
0.543307 1.6 0
0.547244 1.6 2.66733
0.551181 1.6 0
0.555118 1.6 0
0.559055 1.6 0
0.562992 1.6 3.3226
0.566929 1.6 2.57055
0.570866 1.6 0
0.574803 1.6 0
0.57874 1.6 3.21295
0.582677 1.6 0
0.586614 1.6 3.91729
0.590551 1.6 0
0.594488 1.6 4.9446
0.598425 1.6 0
0.602362 1.6 0
0.606299 1.6 0
0.610236 1.6 4.16787
0.614173 1.6 3.51725
0.61811 1.6 0
0.622047 1.6 0
0.625984 1.6 0
0.629921 1.6 0
0.633858 1.6 0
0.637795 1.6 4.07455
0.641732 1.6 2.42701
0.645669 1.6 0
0.649606 1.6 0
0.653543 1.6 3.78824
0.65748 1.6 1.89129
0.661417 1.6 0
0.665354 1.6 0
0.669291 1.6 0
0.673228 1.6 0
0.677165 1.6 0
0.681102 1.6 0
0.685039 1.6 4.54394
0.688976 1.6 0
0.692913 1.6 3.42724
0.69685 1.6 3.87632
0.700787 1.6 2.60945
0.704724 1.6 4.21353
0.708661 1.6 0
0.712598 1.6 0
0.716535 1.6 0
0.720472 1.6 0
0.724409 1.6 0
0.728346 1.6 0
0.732283 1.6 2.32406
0.73622 1.6 1.53945
0.740157 1.6 0
0.744094 1.6 0
0.748031 1.6 0
0.751969 1.6 0
0.755906 1.6 4.44791
0.759843 1.6 0
0.76378 1.6 4.29325
0.767717 1.6 0
0.771654 1.6 0
0.775591 1.6 0
0.779528 1.6 0
0.783465 1.6 2.86708
0.787402 1.6 0
0.791339 1.6 0
0.795276 1.6 0
0.799213 1.6 0
0.80315 1.6 0
0.807087 1.6 0
0.811024 1.6 2.97509
0.814961 1.6 0
0.818898 1.6 0
0.822835 1.6 0
0.826772 1.6 0
0.830709 1.6 0
0.834646 1.6 0
0.838583 1.6 0
0.84252 1.6 0
0.846457 1.6 2.60431
0.850394 1.6 3.11528
0.854331 1.6 0
0.858268 1.6 0
0.862205 1.6 2.94526
0.866142 1.6 0
0.870079 1.6 0
0.874016 1.6 0
0.877953 1.6 0
0.88189 1.6 0
0.885827 1.6 4.62404
0.889764 1.6 0
0.893701 1.6 0
0.897638 1.6 4.12982
0.901575 1.6 0
0.905512 1.6 0
0.909449 1.6 0
0.913386 1.6 0
0.917323 1.6 1.88003
0.92126 1.6 0
0.925197 1.6 0
0.929134 1.6 0
0.933071 1.6 4.42865
0.937008 1.6 2.93041
0.940945 1.6 4.98512
0.944882 1.6 0
0.948819 1.6 0
0.952756 1.6 0
0.956693 1.6 0
0.96063 1.6 2.6659
0.964567 1.6 4.38823
0.968504 1.6 0
0.972441 1.6 0
0.976378 1.6 0
0.980315 1.6 0
0.984252 1.6 2.45773
0.988189 1.6 0
0.992126 1.6 0
0.996063 1.6 0
1 1.6 3.88207
0 1.8 3.93226
0.00393701 1.8 0
0.00787402 1.8 0
0.011811 1.8 3.12718
0.015748 1.8 3.88611
0.019685 1.8 0
0.023622 1.8 0
0.0275591 1.8 0
0.0314961 1.8 0
0.0354331 1.8 0
0.0393701 1.8 0
0.0433071 1.8 0
0.0472441 1.8 0
0.0511811 1.8 0
0.0551181 1.8 0
0.0590551 1.8 3.47244
0.0629921 1.8 2.50378
0.0669291 1.8 0
0.0708661 1.8 0
0.0748032 1.8 0
0.0787402 1.8 0
0.0826772 1.8 0
0.0866142 1.8 0
0.0905512 1.8 0
0.0944882 1.8 4.46534
0.0984252 1.8 4.04427
0.102362 1.8 0
0.106299 1.8 0
0.110236 1.8 0
0.114173 1.8 0
0.11811 1.8 0
0.122047 1.8 0
0.125984 1.8 0
0.129921 1.8 2.35899
0.133858 1.8 3.66335
0.137795 1.8 0
0.141732 1.8 0
0.145669 1.8 0
0.149606 1.8 0
0.153543 1.8 0
0.15748 1.8 0
0.161417 1.8 0
0.165354 1.8 0
0.169291 1.8 3.70031
0.173228 1.8 3.25329
0.177165 1.8 0
0.181102 1.8 0
0.185039 1.8 0
0.188976 1.8 0
0.192913 1.8 0
0.19685 1.8 0
0.200787 1.8 0
0.204724 1.8 4.7185
0.208661 1.8 1.86081
0.212598 1.8 0
0.216535 1.8 0
0.220472 1.8 0
0.224409 1.8 4.7964
0.228346 1.8 0
0.232283 1.8 0
0.23622 1.8 0
0.240157 1.8 0
0.244094 1.8 0
0.248031 1.8 0
0.251969 1.8 0
0.255906 1.8 3.223
0.259843 1.8 0
0.26378 1.8 3.74099
0.267717 1.8 0
0.271654 1.8 0
0.275591 1.8 0
0.279528 1.8 0
0.283465 1.8 0
0.287402 1.8 0
0.291339 1.8 0
0.295276 1.8 0
0.299213 1.8 2.05092
0.30315 1.8 2.78448
0.307087 1.8 3.3397
0.311024 1.8 3.8303
0.314961 1.8 0
0.318898 1.8 0
0.322835 1.8 0
0.326772 1.8 0
0.330709 1.8 0
0.334646 1.8 0
0.338583 1.8 3.94948
0.34252 1.8 0
0.346457 1.8 0
0.350394 1.8 0
0.354331 1.8 0
0.358268 1.8 4.32831
0.362205 1.8 0
0.366142 1.8 0
0.370079 1.8 0
0.374016 1.8 0
0.377953 1.8 3.47332
0.38189 1.8 0
0.385827 1.8 0
0.389764 1.8 2.08334
0.393701 1.8 3.8258
0.397638 1.8 0
0.401575 1.8 2.6008
0.405512 1.8 0
0.409449 1.8 0
0.413386 1.8 0
0.417323 1.8 3.84382
0.42126 1.8 4.52553
0.425197 1.8 0
0.429134 1.8 1.68192
0.433071 1.8 0
0.437008 1.8 2.89336
0.440945 1.8 0
0.444882 1.8 4.27828
0.448819 1.8 0
0.452756 1.8 4.86767
0.456693 1.8 0
0.46063 1.8 0
0.464567 1.8 0
0.468504 1.8 1.72797
0.472441 1.8 0
0.476378 1.8 0
0.480315 1.8 3.33994
0.484252 1.8 0
0.488189 1.8 0
0.492126 1.8 4.76898
0.496063 1.8 4.91672
0.5 1.8 0
0.503937 1.8 0
0.507874 1.8 3.8799
0.511811 1.8 3.29953
0.515748 1.8 0
0.519685 1.8 0
0.523622 1.8 1.24564
0.527559 1.8 0
0.531496 1.8 0
0.535433 1.8 0
0.53937 1.8 3.92799
0.543307 1.8 0
0.547244 1.8 2.66733
0.551181 1.8 0
0.555118 1.8 0
0.559055 1.8 0
0.562992 1.8 3.3226
0.566929 1.8 2.57055
0.570866 1.8 0
0.574803 1.8 0
0.57874 1.8 3.21295
0.582677 1.8 0
0.586614 1.8 3.91729
0.590551 1.8 0
0.594488 1.8 4.9446
0.598425 1.8 0
0.602362 1.8 0
0.606299 1.8 0
0.610236 1.8 4.16787
0.614173 1.8 3.51725
0.61811 1.8 0
0.622047 1.8 0
0.625984 1.8 0
0.629921 1.8 0
0.633858 1.8 0
0.637795 1.8 4.07455
0.641732 1.8 2.42701
0.645669 1.8 0
0.649606 1.8 0
0.653543 1.8 3.78824
0.65748 1.8 1.89129
0.661417 1.8 0
0.665354 1.8 0
0.669291 1.8 0
0.673228 1.8 0
0.677165 1.8 0
0.681102 1.8 0
0.685039 1.8 4.54394
0.688976 1.8 0
0.692913 1.8 3.42724
0.69685 1.8 3.87632
0.700787 1.8 2.60945
0.704724 1.8 4.21353
0.708661 1.8 0
0.712598 1.8 0
0.716535 1.8 0
0.720472 1.8 0
0.724409 1.8 0
0.728346 1.8 0
0.732283 1.8 2.32406
0.73622 1.8 1.53945
0.740157 1.8 0
0.744094 1.8 0
0.748031 1.8 0
0.751969 1.8 0
0.755906 1.8 4.44791
0.759843 1.8 0
0.76378 1.8 4.29325
0.767717 1.8 0
0.771654 1.8 0
0.775591 1.8 0
0.779528 1.8 0
0.783465 1.8 2.86708
0.787402 1.8 0
0.791339 1.8 0
0.795276 1.8 0
0.799213 1.8 0
0.80315 1.8 0
0.807087 1.8 0
0.811024 1.8 2.97509
0.814961 1.8 0
0.818898 1.8 0
0.822835 1.8 0
0.826772 1.8 0
0.830709 1.8 0
0.834646 1.8 0
0.838583 1.8 0
0.84252 1.8 0
0.846457 1.8 2.60431
0.850394 1.8 3.11528
0.854331 1.8 0
0.858268 1.8 0
0.862205 1.8 2.94526
0.866142 1.8 0
0.870079 1.8 0
0.874016 1.8 0
0.877953 1.8 0
0.88189 1.8 0
0.885827 1.8 4.62404
0.889764 1.8 0
0.893701 1.8 0
0.897638 1.8 4.12982
0.901575 1.8 0
0.905512 1.8 0
0.909449 1.8 0
0.913386 1.8 0
0.917323 1.8 1.88003
0.92126 1.8 0
0.925197 1.8 0
0.929134 1.8 0
0.933071 1.8 4.42865
0.937008 1.8 2.93041
0.940945 1.8 4.98512
0.944882 1.8 0
0.948819 1.8 0
0.952756 1.8 0
0.956693 1.8 0
0.96063 1.8 2.6659
0.964567 1.8 4.38823
0.968504 1.8 0
0.972441 1.8 0
0.976378 1.8 0
0.980315 1.8 0
0.984252 1.8 2.45773
0.988189 1.8 0
0.992126 1.8 0
0.996063 1.8 0
1 1.8 3.88207

